,Unnamed: 0.4,Unnamed: 0.3,Unnamed: 0.2,Unnamed: 0.1,Unnamed: 0,date,time,temp (c),pressure,hummidity,gas
0,0,0,0,0,0,04/15/2023,00:00:02,18.4512890625,985.7738393132214,47.54487511236282,851
1,1,1,1,1,1,04/15/2023,00:00:32,18.44875,985.7497010006406,47.520035072991064,851
2,2,2,2,2,2,04/15/2023,00:01:02,18.4341015625,985.7720844130672,47.46312031406056,853
3,3,3,3,3,3,04/15/2023,00:01:32,18.4309765625,985.7802284765309,47.462757208947785,853
4,4,4,4,4,4,04/15/2023,00:02:02,18.38234375,985.7598411777924,47.60436216545564,853
5,5,5,5,5,5,04/15/2023,00:02:32,18.4315625,985.7745454028976,47.5425797846836,854
6,6,6,6,6,6,04/15/2023,00:03:02,18.4309765625,985.7868781854978,47.45662378127636,854
7,7,7,7,7,7,04/15/2023,00:03:32,18.3727734375,985.790595984679,47.57256045156512,856
8,8,8,8,8,8,04/15/2023,00:04:02,18.3235546875,985.8091223435388,47.65276762363681,857
9,9,9,9,9,9,04/15/2023,00:04:32,18.3520703125,985.7896835530098,47.60697674335619,859
10,10,10,10,10,10,04/15/2023,00:05:03,18.3696484375,985.8120365177934,47.572196912681584,859
11,11,11,11,11,11,04/15/2023,00:05:33,18.345625,985.81229368536,47.57553944252551,861
12,12,12,12,12,12,04/15/2023,00:06:02,18.38234375,985.806385618517,47.616639009766224,860
13,13,13,13,13,13,04/15/2023,00:06:32,18.363984375,985.8026914439027,47.58381226761925,862
14,14,14,14,14,14,04/15/2023,00:07:02,18.313984375,985.7866831756202,47.60868315050335,863
15,15,15,15,15,15,04/15/2023,00:07:32,18.283125,985.7823044435328,47.69103988277794,864
16,16,16,16,16,16,04/15/2023,00:08:02,18.2981640625,985.780525584382,47.72349774748881,865
17,17,17,17,17,17,04/15/2023,00:08:32,18.2925,985.791124914332,47.67985087544365,866
18,18,18,18,18,18,04/15/2023,00:09:02,18.2848828125,985.77855663066,47.67282390010831,867
19,19,19,19,19,19,04/15/2023,00:09:32,18.314765625,985.7680266815456,47.65788384477324,867
20,20,20,20,20,20,04/15/2023,00:10:02,18.300703125,985.7647698773262,47.66852597487069,869
21,21,21,21,21,21,04/15/2023,00:10:32,18.3419140625,985.7795757283654,47.58124480411429,867
22,22,22,22,22,22,04/15/2023,00:11:02,18.3551953125,985.7881905248933,47.515293374129186,869
23,23,23,23,23,23,04/15/2023,00:11:32,18.341328125,985.791906561636,47.538222489790584,869
24,24,24,24,24,24,04/15/2023,00:12:03,18.33234375,985.7637858281684,47.51877291500932,871
25,25,25,25,25,25,04/15/2023,00:12:33,18.3235546875,985.7625821544544,47.517751793879235,871
26,26,26,26,26,26,04/15/2023,00:13:02,18.2735546875,985.7665135101892,47.62239390199545,873
27,27,27,27,27,27,04/15/2023,00:13:32,18.287421875,985.7495049541526,47.64242257054425,874
28,28,28,28,28,28,04/15/2023,00:14:02,18.2989453125,985.7884629646284,47.56397536841427,874
29,29,29,29,29,29,04/15/2023,00:14:32,18.26671875,985.761882326785,47.609323337435214,874
30,30,30,30,30,30,04/15/2023,00:15:02,18.2419140625,985.7674892854797,47.68010174452759,876
31,31,31,31,31,31,04/15/2023,00:15:32,18.2489453125,985.76579553549,47.62566967510045,876
32,32,32,32,32,32,04/15/2023,00:16:02,18.2438671875,985.7906553488252,47.64349381462774,877
33,33,33,33,33,33,04/15/2023,00:16:32,18.2255078125,985.7603610943056,47.647496870230725,878
34,34,34,34,34,34,04/15/2023,00:17:02,18.24953125,985.7933536750288,47.66870892817659,881
35,35,35,35,35,35,04/15/2023,00:17:32,18.2622265625,985.7677661800788,47.67632623616965,880
36,36,36,36,36,36,04/15/2023,00:18:02,18.3020703125,985.8069159096827,47.595022229110846,880
37,37,37,37,37,37,04/15/2023,00:18:32,18.317890625,985.8064253806766,47.51709379325586,879
38,38,38,38,38,38,04/15/2023,00:19:03,18.32921875,985.8118192153488,47.65956677569166,877
39,39,39,39,39,39,04/15/2023,00:19:33,18.353828125,985.8191794117369,47.57035669933432,876
40,40,40,40,40,40,04/15/2023,00:20:02,18.3721875,985.8295239200482,47.54181003702166,873
41,41,41,41,41,41,04/15/2023,00:20:32,18.39171875,985.7952558585948,47.46433000896632,871
42,42,42,42,42,42,04/15/2023,00:21:02,18.4063671875,985.8393717189022,47.42923469289624,869
43,43,43,43,43,43,04/15/2023,00:21:32,18.4001171875,985.83570944494,47.45917225184762,869
44,44,44,44,44,44,04/15/2023,00:22:02,18.3880078125,985.8423276473184,47.42710339425511,867
45,45,45,45,45,45,04/15/2023,00:22:32,18.397578125,985.8248709344664,47.37916485808286,865
46,46,46,46,46,46,04/15/2023,00:23:02,18.40265625,985.846548017612,47.3736236503364,864
47,47,47,47,47,47,04/15/2023,00:23:32,18.4165234375,985.8428291158348,47.356842273814266,863
48,48,48,48,48,48,04/15/2023,00:24:02,18.49875,985.8986890012056,47.19481106657645,862
49,49,49,49,49,49,04/15/2023,00:24:32,18.57453125,985.9172959604668,46.98933172078226,859
50,50,50,50,50,50,04/15/2023,00:25:02,18.671796875,985.8981485908328,46.810985971957834,857
51,51,51,51,51,51,04/15/2023,00:25:32,18.8096875,985.8927285270628,46.52147011239826,854
52,52,52,52,52,52,04/15/2023,00:26:02,18.9145703125,985.9259609070136,46.22858685106362,851
53,53,53,53,53,53,04/15/2023,00:26:33,18.9563671875,985.91502724361,46.032394947445184,851
54,54,54,54,54,54,04/15/2023,00:27:02,19.0247265625,985.9212610682154,45.86983389849111,849
55,55,55,55,55,55,04/15/2023,00:27:32,18.973359375,985.8964603854056,45.83359048745539,849
56,56,56,56,56,56,04/15/2023,00:28:03,18.9253125,985.8837823451328,45.95583663716024,850
57,57,57,57,57,57,04/15/2023,00:28:33,18.9020703125,985.9253109020992,46.007948942442525,849
58,58,58,58,58,58,04/15/2023,00:29:02,18.8805859375,985.9098436463892,46.054188270852265,849
59,59,59,59,59,59,04/15/2023,00:29:32,18.8633984375,985.9413869837596,46.052229302110376,849
60,60,60,60,60,60,04/15/2023,00:30:02,18.8204296875,985.9370601771574,46.059505973303686,852
61,61,61,61,61,61,04/15/2023,00:30:32,18.76984375,985.9268156884964,46.10852552113307,856
62,62,62,62,62,62,04/15/2023,00:31:02,18.735078125,985.9160449945716,46.189808671686826,859
63,63,63,63,63,63,04/15/2023,00:31:32,18.6926953125,985.9326207165713,46.28244119710099,861
64,64,64,64,64,64,04/15/2023,00:32:02,18.555,985.9382836143365,46.480072485460454,864
65,65,65,65,65,65,04/15/2023,00:32:32,18.46828125,985.9348735418956,46.69594330385186,870
66,66,66,66,66,66,04/15/2023,00:33:02,18.3817578125,985.9716495673796,46.954870321708306,872
67,67,67,67,67,67,04/15/2023,00:33:32,18.2899609375,985.9265491292886,47.115581532094296,876
68,68,68,68,68,68,04/15/2023,00:34:02,18.261640625,985.9728867394656,47.2470027460208,878
69,69,69,69,69,69,04/15/2023,00:34:32,18.21984375,985.9437937572496,47.32793132387264,882
70,70,70,70,70,70,04/15/2023,00:35:03,18.19328125,985.9797236447896,47.44743905394986,883
71,71,71,71,71,71,04/15/2023,00:35:33,18.170625,985.9689185774276,47.493868179410754,884
72,72,72,72,72,72,04/15/2023,00:36:02,18.1446484375,985.9991593977688,47.58286678741248,886
73,73,73,73,73,73,04/15/2023,00:36:32,18.1376171875,986.0074938926618,47.60659456676893,887
74,74,74,74,74,74,04/15/2023,00:37:02,18.1458203125,986.0143873173269,47.54619274143906,890
75,75,75,75,75,75,04/15/2023,00:37:32,18.16671875,986.0222945938204,47.51794754348592,891
76,76,76,76,76,76,04/15/2023,00:38:02,18.1458203125,986.04097460378,47.58913861807617,893
77,77,77,77,77,77,04/15/2023,00:38:32,18.1630078125,986.0361103636906,47.554321842040174,893
78,78,78,78,78,78,04/15/2023,00:39:02,18.208515625,986.0115151483284,47.485997009878815,894
79,79,79,79,79,79,04/15/2023,00:39:32,18.2286328125,986.0447187141511,47.42701222822327,893
80,80,80,80,80,80,04/15/2023,00:40:02,18.2469921875,986.028486200682,47.31269140993081,894
81,81,81,81,81,81,04/15/2023,00:40:32,18.198359375,986.0412838610006,47.36833959718595,896
82,82,82,82,82,82,04/15/2023,00:41:02,18.170625,986.0752718051706,47.44481366604599,897
83,83,83,83,83,83,04/15/2023,00:41:32,18.1844921875,986.0516313818986,47.48321104568882,896
84,84,84,84,84,84,04/15/2023,00:42:02,18.2079296875,986.083670217763,47.3939633276898,898
85,85,85,85,85,85,04/15/2023,00:42:32,18.211640625,986.0897955569568,47.345364436288264,897
86,86,86,86,86,86,04/15/2023,00:43:02,18.211640625,986.0565579873668,47.36987702262679,899
87,87,87,87,87,87,04/15/2023,00:43:32,18.2286328125,986.0779571474288,47.310567470358414,900
88,88,88,88,88,88,04/15/2023,00:44:03,18.21984375,986.0833930133216,47.315677457371315,901
89,89,89,89,89,89,04/15/2023,00:44:33,18.201484375,986.0796789102694,47.387087698674385,901
90,90,90,90,90,90,04/15/2023,00:45:02,18.1731640625,986.1126985665258,47.38380905154166,902
91,91,91,91,91,91,04/15/2023,00:45:32,18.2192578125,986.062483090652,47.35237385577966,902
92,92,92,92,92,92,04/15/2023,00:46:02,18.2255078125,986.0794467776926,47.26120047072717,902
93,93,93,93,93,93,04/15/2023,00:46:32,18.2079296875,986.0969651775472,47.25304454257661,902
94,94,94,94,94,94,04/15/2023,00:47:02,18.19640625,986.104533663202,47.26396214944306,904
95,95,95,95,95,95,04/15/2023,00:47:32,18.174921875,986.089011665399,47.31660880725488,905
96,96,96,96,96,96,04/15/2023,00:48:02,18.1723828125,986.118056056955,47.31018895902368,906
97,97,97,97,97,97,04/15/2023,00:48:32,18.1540234375,986.1209843909216,47.40610976480959,906
98,98,98,98,98,98,04/15/2023,00:49:02,18.1743359375,986.127927290226,47.35330340797871,906
99,99,99,99,99,99,04/15/2023,00:49:32,18.2096875,986.1397517236736,47.2593721705375,907
100,100,100,100,100,100,04/15/2023,00:50:02,18.248359375,986.1304611206386,47.18423428380355,906
101,101,101,101,101,101,04/15/2023,00:50:32,18.22609375,986.1402429691192,47.15105668376032,908
102,102,102,102,102,102,04/15/2023,00:51:03,18.18,986.1971021330216,47.20083243343126,909
103,103,103,103,103,103,04/15/2023,00:51:33,18.16671875,986.1552356592496,47.28503151197915,911
104,104,104,104,104,104,04/15/2023,00:52:02,18.18703125,986.1688259539156,47.26900362690144,909
105,105,105,105,105,105,04/15/2023,00:52:32,18.1376171875,986.1869562625884,47.31229636995208,912
106,106,106,106,106,106,04/15/2023,00:53:02,18.1376171875,986.2135433850556,47.31229636995208,912
107,107,107,107,107,107,04/15/2023,00:53:32,18.1458203125,986.220439494044,47.300992785415936,913
108,108,108,108,108,108,04/15/2023,00:54:02,18.18703125,986.208709686491,47.22613532591001,914
109,109,109,109,109,109,04/15/2023,00:54:32,18.2059765625,986.2133958415536,47.19158605891595,914
110,110,110,110,110,110,04/15/2023,00:55:02,18.170625,986.2082139478074,47.18750651486974,913
111,111,111,111,111,111,04/15/2023,00:55:32,18.16671875,986.2150593590884,47.21766723838424,964
112,112,112,112,112,112,04/15/2023,00:56:02,18.1528515625,986.2386946833104,47.26505499136704,915
113,113,113,113,113,113,04/15/2023,00:56:32,18.1395703125,986.243355132196,47.245149306519906,916
114,114,114,114,114,114,04/15/2023,00:57:02,18.0864453125,986.2354023200188,47.33088720436244,917
115,115,115,115,115,115,04/15/2023,00:57:32,18.07375,986.2343798530716,47.39069231717181,917
116,116,116,116,116,116,04/15/2023,00:58:03,18.0434765625,986.237562393357,47.41783417295372,920
117,117,117,117,117,117,04/15/2023,00:58:33,18.05421875,986.2420075973268,47.45585563432736,919
118,118,118,118,118,118,04/15/2023,00:59:02,18.064375,986.2321929258064,47.42638114896776,918
119,119,119,119,119,119,04/15/2023,00:59:32,18.0669140625,986.2629694458068,47.43893441886945,919
120,120,120,120,120,120,04/15/2023,01:00:02,18.0364453125,986.2458899654624,47.50284754432072,919
121,121,121,121,121,121,04/15/2023,01:00:32,18.035859375,986.278151196094,47.50891178351939,919
122,122,122,122,122,122,04/15/2023,01:01:02,18.039765625,986.264663972104,47.50323211680915,919
123,123,123,123,123,123,04/15/2023,01:01:32,18.0383984375,986.2889895607764,47.47241636983835,920
124,124,124,124,124,124,04/15/2023,01:02:02,18.0471875,986.3035025072325,47.46117226805222,920
125,125,125,125,125,125,04/15/2023,01:02:32,18.064375,986.2920072754516,47.420251768868425,919
126,126,126,126,126,126,04/15/2023,01:03:02,18.0731640625,986.3331044408984,47.378368424408606,920
127,127,127,127,127,127,04/15/2023,01:03:32,18.0794140625,986.2969013513988,47.348454258682054,918
128,128,128,128,128,128,04/15/2023,01:04:02,18.056171875,986.3382759491648,47.36414898896507,921
129,129,129,129,129,129,04/15/2023,01:04:32,18.025703125,986.327837372813,47.440295584966606,921
130,130,130,130,130,130,04/15/2023,01:05:02,18.0200390625,986.3650033437672,47.476422025044926,922
131,131,131,131,131,131,04/15/2023,01:05:33,18.0016796875,986.3346847866544,47.57855094679028,921
132,132,132,132,132,132,04/15/2023,01:06:02,18.026484375,986.3690014907328,47.60596749516807,920
133,133,133,133,133,133,04/15/2023,01:06:32,18.032734375,986.3460940557504,47.64351048486792,919
134,134,134,134,134,134,04/15/2023,01:07:03,18.019453125,986.350744528506,47.69720909927161,916
135,135,135,135,135,135,04/15/2023,01:07:33,18.0200390625,986.3517121341874,47.67272374497771,916
136,136,136,136,136,136,04/15/2023,01:08:02,18.0680859375,986.364595752184,47.616930870793695,913
137,137,137,137,137,137,04/15/2023,01:08:32,18.0598828125,986.3510498233452,47.603706786200334,911
138,138,138,138,138,138,04/15/2023,01:09:02,18.078828125,986.3823345615898,47.58749846193245,907
139,139,139,139,139,139,04/15/2023,01:09:32,18.1048046875,986.3654122465792,47.52303424598577,907
140,140,140,140,140,140,04/15/2023,01:10:02,18.095234375,986.356255655612,47.515791737870835,906
141,141,141,141,141,141,04/15/2023,01:10:32,18.178046875,986.4065889939604,47.433412011086105,902
142,142,142,142,142,142,04/15/2023,01:11:02,18.2212109375,986.4113849019,47.30970898522531,901
143,143,143,143,143,143,04/15/2023,01:11:32,18.2692578125,986.4042905997017,47.20501589664535,899
144,144,144,144,144,144,04/15/2023,01:12:02,18.300703125,986.3963713892232,47.08622248744389,897
145,145,145,145,145,145,04/15/2023,01:12:32,18.406953125,986.372301840272,46.89051655369353,894
146,146,146,146,146,146,04/15/2023,01:13:02,18.4157421875,986.440007959182,46.76931008408498,891
147,147,147,147,147,147,04/15/2023,01:13:32,18.49171875,986.419123334346,46.64368151643304,890
148,148,148,148,148,148,04/15/2023,01:14:03,18.5301953125,986.4294284348558,46.48943267835036,889
149,149,149,149,149,149,04/15/2023,01:14:33,18.5708203125,986.4299718350892,46.35383927629385,888
150,150,150,150,150,150,04/15/2023,01:15:02,18.5909375,986.4299185159512,46.301288766950805,887
151,151,151,151,151,151,04/15/2023,01:15:32,18.6137890625,986.44102820155,46.2003381039273,887
152,152,152,152,152,152,04/15/2023,01:16:02,18.59484375,986.4363657931948,46.19817897665354,887
153,153,153,153,153,153,04/15/2023,01:16:32,18.5675,986.4710505723364,46.23769424511305,886
154,154,154,154,154,154,04/15/2023,01:17:02,18.5598828125,986.4717800305008,46.200285203138385,887
155,155,155,155,155,155,04/15/2023,01:17:32,18.493671875,986.4689009596163,46.35112501800813,887
156,156,156,156,156,156,04/15/2023,01:18:02,18.535859375,986.4653814495522,46.29500370579551,887
157,157,157,157,157,157,04/15/2023,01:18:32,18.5024609375,986.47675879096,46.21201325362314,890
158,158,158,158,158,158,04/15/2023,01:19:02,18.4391796875,986.44544962799,46.27788964985683,893
159,159,159,159,159,159,04/15/2023,01:19:32,18.400703125,986.4218307332536,46.37708311214029,895
160,160,160,160,160,160,04/15/2023,01:20:02,18.347578125,986.4471650123816,46.49294706958008,896
161,161,161,161,161,161,04/15/2023,01:20:32,18.27609375,986.4288734774764,46.643391926789974,900
162,162,162,162,162,162,04/15/2023,01:21:02,18.211640625,986.4487639994944,46.77643067631898,902
163,163,163,163,163,163,04/15/2023,01:21:32,18.1762890625,986.436922692915,46.90678591390289,904
164,164,164,164,164,164,04/15/2023,01:22:02,18.121796875,986.4200574688656,47.05949393547226,905
165,165,165,165,165,165,04/15/2023,01:22:32,18.0649609375,986.392665760401,47.15696230036229,907
166,166,166,166,166,166,04/15/2023,01:23:03,18.072578125,986.4118907270064,47.22517286839212,907
167,167,167,167,167,167,04/15/2023,01:23:33,18.0669140625,986.402537190086,47.200032083338854,909
168,168,168,168,168,168,04/15/2023,01:24:02,18.046015625,986.407901403864,47.23435430343242,909
169,169,169,169,169,169,04/15/2023,01:24:32,18.020625,986.3792621913192,47.298784186207584,910
170,170,170,170,170,170,04/15/2023,01:25:02,18.0169140625,986.4262985294296,47.36573941225429,909
171,171,171,171,171,171,04/15/2023,01:25:32,17.9954296875,986.417398594707,47.34487821868164,911
172,172,172,172,172,172,04/15/2023,01:26:02,17.951875,986.385336988546,47.46240491234104,911
173,173,173,173,173,173,04/15/2023,01:26:32,17.916328125,986.3997198194404,47.53799695317444,912
174,174,174,174,174,174,04/15/2023,01:27:02,17.8848828125,986.3677165357544,47.59568857252452,913
175,175,175,175,175,175,04/15/2023,01:27:32,17.8784375,986.396936063251,47.66243033915914,912
176,176,176,176,176,176,04/15/2023,01:28:02,17.8696484375,986.4023513543124,47.673684582178815,913
177,177,177,177,177,177,04/15/2023,01:28:32,17.8462109375,986.4101459561508,47.701652792448414,914
178,178,178,178,178,178,04/15/2023,01:29:02,17.893671875,986.3955215861528,47.63965187872982,915
179,179,179,179,179,179,04/15/2023,01:29:32,17.923359375,986.358176047382,47.581743260941,913
180,180,180,180,180,180,04/15/2023,01:30:02,17.886640625,986.3639755903432,47.55295817537107,915
181,181,181,181,181,181,04/15/2023,01:30:32,17.895625,986.385458859658,47.60306727135699,915
182,182,182,182,182,182,04/15/2023,01:31:02,17.9063671875,986.4032012894628,47.54297636966151,914
183,183,183,183,183,183,04/15/2023,01:31:32,17.91828125,986.3896565577433,47.56888764384699,915
184,184,184,184,184,184,04/15/2023,01:32:03,17.959296875,986.390949662318,47.46326328578255,914
185,185,185,185,185,185,04/15/2023,01:32:33,17.917109375,986.3544983471402,47.458385103060195,915
186,186,186,186,186,186,04/15/2023,01:33:02,17.8829296875,986.3844232429803,47.55252865676252,916
187,187,187,187,187,187,04/15/2023,01:33:32,17.86515625,986.4215075592522,47.550471747718845,917
188,188,188,188,188,188,04/15/2023,01:34:02,17.873359375,986.3819044271712,47.58208631882073,916
189,189,189,189,189,189,04/15/2023,01:34:32,17.8962109375,986.4063596274932,47.547933301103456,916
190,190,190,190,190,190,04/15/2023,01:35:02,17.9309765625,986.3973350853968,47.45385873583409,915
191,191,191,191,191,191,04/15/2023,01:35:32,17.870234375,986.363454791499,47.532662950110435,916
192,192,192,192,192,192,04/15/2023,01:36:02,17.8657421875,986.3892552849172,47.593471855594075,917
193,193,193,193,193,193,04/15/2023,01:36:32,17.8442578125,986.3869884331972,47.62165553097129,918
194,194,194,194,194,194,04/15/2023,01:37:02,17.827265625,986.3722090021566,47.65036326532817,918
195,195,195,195,195,195,04/15/2023,01:37:32,17.83546875,986.3658274647414,47.669722073351565,920
196,196,196,196,196,196,04/15/2023,01:38:02,17.797578125,986.3630328036,47.665331206407565,920
197,197,197,197,197,197,04/15/2023,01:38:32,17.7911328125,986.385602722286,47.78734661369255,921
198,198,198,198,198,198,04/15/2023,01:39:02,17.7919140625,986.3802499687132,47.71376945090816,923
199,199,199,199,199,199,04/15/2023,01:39:33,17.8645703125,986.407251705547,47.64241462846208,920
200,200,200,200,200,200,04/15/2023,01:40:02,17.9176953125,986.3621106083162,47.476842420942646,920
201,201,201,201,201,201,04/15/2023,01:40:32,17.8841015625,986.3664261890564,47.48521850518767,920
202,202,202,202,202,202,04/15/2023,01:41:03,17.860078125,986.4064757336932,47.52535645527195,922
203,203,203,203,203,203,04/15/2023,01:41:33,17.850703125,986.3710590350964,47.55493177009755,921
204,204,204,204,204,204,04/15/2023,01:42:02,17.850703125,986.3976344760212,47.56106434599036,921
205,205,205,205,205,205,04/15/2023,01:42:32,17.8159375,986.4000022925194,47.581572934580734,923
206,206,206,206,206,206,04/15/2023,01:43:02,17.8020703125,986.430243215352,47.641309216621735,923
207,207,207,207,207,207,04/15/2023,01:43:32,17.80578125,986.4164430662872,47.647874343943144,922
208,208,208,208,208,208,04/15/2023,01:44:02,17.795625,986.426239582068,47.64056276968073,924
209,209,209,209,209,209,04/15/2023,01:44:32,17.7919140625,986.4533258347494,47.64626819168617,924
210,210,210,210,210,210,04/15/2023,01:45:02,17.7583203125,986.4244029367236,47.70987530353307,925
211,211,211,211,211,211,04/15/2023,01:45:32,17.78546875,986.4626081540896,47.69461036950638,924
212,212,212,212,212,212,04/15/2023,01:46:02,17.7798046875,986.4532512936748,47.71850321683448,925
213,213,213,213,213,213,04/15/2023,01:46:32,17.8020703125,986.4368865851848,47.592234781698856,925
214,214,214,214,214,214,04/15/2023,01:47:02,17.803828125,986.459720496304,47.59243820530905,924
215,215,215,215,215,215,04/15/2023,01:47:32,17.8102734375,986.4770112209466,47.61158568897514,924
216,216,216,216,216,216,04/15/2023,01:48:03,17.8309765625,986.451418863208,47.577180187234184,926
217,217,217,217,217,217,04/15/2023,01:48:33,17.834296875,986.4834784570212,47.54076947973262,926
218,218,218,218,218,218,04/15/2023,01:49:02,17.85578125,986.4857494347424,47.55551937384651,924
219,219,219,219,219,219,04/15/2023,01:49:32,17.899921875,986.4789327882818,47.39511602127864,924
220,220,220,220,220,220,04/15/2023,01:50:02,17.847578125,986.4589111377148,47.46873753987251,923
221,221,221,221,221,221,04/15/2023,01:50:32,17.7962109375,986.493640650523,47.573157623943494,924
222,222,222,222,222,222,04/15/2023,01:51:02,17.760859375,986.5083127954906,47.61200039723856,926
223,223,223,223,223,223,04/15/2023,01:51:32,17.734296875,986.5175709568276,47.6886814228525,927
224,224,224,224,224,224,04/15/2023,01:52:02,17.7551953125,986.4989552710211,47.69110235576787,927
225,225,225,225,225,225,04/15/2023,01:52:32,17.750703125,986.551319555979,47.66603747459912,926
226,226,226,226,226,226,04/15/2023,01:53:02,17.7899609375,986.5298184865748,47.65217735855635,926
227,227,227,227,227,227,04/15/2023,01:53:32,17.7887890625,986.5278824636694,47.694995195337995,926
228,228,228,228,228,228,04/15/2023,01:54:02,17.86515625,986.5477442274206,47.617941523360976,922
229,229,229,229,229,229,04/15/2023,01:54:32,17.86828125,986.5196862362344,47.57536492484176,921
230,230,230,230,230,230,04/15/2023,01:55:02,17.9005078125,986.5330558890764,47.55456338392814,919
231,231,231,231,231,231,04/15/2023,01:55:32,17.9309765625,986.5169398445672,47.490639477450394,917
232,232,232,232,232,232,04/15/2023,01:56:02,17.923359375,986.5043577643328,47.4713672790739,914
233,233,233,233,233,233,04/15/2023,01:56:32,17.9473828125,986.4975256276869,47.47414559786849,912
234,234,234,234,234,234,04/15/2023,01:57:03,18.005,986.53953200612,47.28473251359579,911
235,235,235,235,235,235,04/15/2023,01:57:33,17.9973828125,986.5402414686156,47.26548297819658,910
236,236,236,236,236,236,04/15/2023,01:58:02,18.009296875,986.5266925942324,47.26685710170209,909
237,237,237,237,237,237,04/15/2023,01:58:32,18.0505078125,986.4884253082496,47.16753735555726,908
238,238,238,238,238,238,04/15/2023,01:59:02,18.092109375,986.5172547211577,47.080545929107544,907
239,239,239,239,239,239,04/15/2023,01:59:32,18.1130078125,986.511889485876,46.985097309061686,904
240,240,240,240,240,240,04/15/2023,02:00:02,18.1149609375,986.5417015463106,46.96086691423672,904
241,241,241,241,241,241,04/15/2023,02:00:32,18.0977734375,986.526609059099,46.97111917111624,905
242,242,242,242,242,242,04/15/2023,02:01:02,18.12375,986.5429234533152,46.937424891052046,903
243,243,243,243,243,243,04/15/2023,02:01:32,18.181953125,986.5725744918416,46.84021898579314,902
244,244,244,244,244,244,04/15/2023,02:02:02,18.1813671875,986.5716068435728,46.77296077777241,903
245,245,245,245,245,245,04/15/2023,02:02:32,18.1774609375,986.5385667348684,46.74808677845883,903
246,246,246,246,246,246,04/15/2023,02:03:02,18.228046875,986.5622754917554,46.67451370436725,902
247,247,247,247,247,247,04/15/2023,02:03:32,18.2243359375,986.5494996540236,46.60695964227275,901
248,248,248,248,248,248,04/15/2023,02:04:02,18.19953125,986.5949565634872,46.64683772065653,902
249,249,249,249,249,249,04/15/2023,02:04:32,18.2040234375,986.5558422883016,46.64124889550317,901
250,250,250,250,250,250,04/15/2023,02:05:02,18.2020703125,986.5792070847748,46.65323097879852,901
251,251,251,251,251,251,04/15/2023,02:05:32,18.178046875,986.5727708018982,46.56506724405497,902
252,252,252,252,252,252,04/15/2023,02:06:03,18.21671875,986.616693437414,46.55118526418727,952
253,253,253,253,253,253,04/15/2023,02:06:33,18.185078125,986.5843826561702,46.49268955690715,906
254,254,254,254,254,254,04/15/2023,02:07:02,18.1440625,986.5897637827036,46.5550879565925,906
255,255,255,255,255,255,04/15/2023,02:07:32,18.0770703125,986.6253423947768,46.66945245702897,908
256,256,256,256,256,256,04/15/2023,02:08:02,18.0231640625,986.6027624181396,46.79148296515834,910
257,257,257,257,257,257,04/15/2023,02:08:32,17.9391796875,986.6368070498032,46.97736484663343,912
258,258,258,258,258,258,04/15/2023,02:09:02,17.889765625,986.6282643901704,47.15515526357806,912
259,259,259,259,259,259,04/15/2023,02:09:32,17.880390625,986.6592860094572,47.21527222735296,914
260,260,260,260,260,260,04/15/2023,02:10:02,17.8657421875,986.641729149538,47.22582760405578,913
261,261,261,261,261,261,04/15/2023,02:10:32,17.8841015625,986.6321955815952,47.28303955119429,913
262,262,262,262,262,262,04/15/2023,02:11:02,17.8716015625,986.6314771400342,47.26323155143878,916
263,263,263,263,263,263,04/15/2023,02:11:32,17.850703125,986.6235268142888,47.297560615262306,916
264,264,264,264,264,264,04/15/2023,02:12:02,17.8190625,986.6443327003586,47.342906034692135,916
265,265,265,265,265,265,04/15/2023,02:12:32,17.784296875,986.6466823131434,47.424660614604235,916
266,266,266,266,266,266,04/15/2023,02:13:03,17.78625,986.6366228908956,47.50456006259005,917
267,267,267,267,267,267,04/15/2023,02:13:33,17.794453125,986.6501765591788,47.530030803900544,916
268,268,268,268,268,268,04/15/2023,02:14:02,17.8391796875,986.6576392210624,47.47389659471282,913
269,269,269,269,269,269,04/15/2023,02:14:32,17.813984375,986.6758038916416,47.52002650257926,913
270,270,270,270,270,270,04/15/2023,02:15:02,17.771015625,986.6845260919248,47.631578510240814,912
271,271,271,271,271,271,04/15/2023,02:15:32,17.7430859375,986.664947889715,47.78177093883556,911
272,272,272,272,272,272,04/15/2023,02:16:02,17.8020703125,986.6694055926304,47.72722308162725,909
273,273,273,273,273,273,04/15/2023,02:16:32,17.84875,986.6601634523876,47.597638233151976,907
274,274,274,274,274,274,04/15/2023,02:17:02,17.855,986.643913707293,47.54929656356305,907
275,275,275,275,275,275,04/15/2023,02:17:32,17.8284375,986.6731095920702,47.58301953999148,906
276,276,276,276,276,276,04/15/2023,02:18:02,17.8094921875,986.6484510935786,47.64830420369698,904
277,277,277,277,277,277,04/15/2023,02:18:32,17.7829296875,986.6842827307248,47.7188655258269,905
278,278,278,278,278,278,04/15/2023,02:19:02,17.7721875,986.693105574665,47.80356888759839,904
279,279,279,279,279,279,04/15/2023,02:19:32,17.7368359375,986.6612633186602,47.89159511773404,902
280,280,280,280,280,280,04/15/2023,02:20:02,17.7602734375,986.7132772328082,47.91275179769998,901
281,281,281,281,281,281,04/15/2023,02:20:32,17.7704296875,986.6902010209956,47.8832124080755,900
282,282,282,282,282,282,04/15/2023,02:21:02,17.8083203125,986.7195933620474,47.850757702986314,900
283,283,283,283,283,283,04/15/2023,02:21:32,17.8128125,986.693798274589,47.76530308993947,899
284,284,284,284,284,284,04/15/2023,02:22:03,17.8114453125,986.7048263410868,47.7958453879874,899
285,285,285,285,285,285,04/15/2023,02:22:33,17.81515625,986.6777401434606,47.79013563163852,899
286,286,286,286,286,286,04/15/2023,02:23:02,17.8298046875,986.7085871233918,47.761135691915385,898
287,287,287,287,287,287,04/15/2023,02:23:32,17.8380078125,986.6955658746132,47.8050714258325,896
288,288,288,288,288,288,04/15/2023,02:24:02,17.889765625,986.721285121798,47.71898234237176,895
289,289,289,289,289,289,04/15/2023,02:24:32,17.923359375,986.6970530943712,47.63695776123896,895
290,290,290,290,290,290,04/15/2023,02:25:02,17.9442578125,986.698355251298,47.578030391260974,893
291,291,291,291,291,291,04/15/2023,02:25:32,17.97140625,986.6966904947368,47.5259764174553,893
292,292,292,292,292,292,04/15/2023,02:26:02,17.9536328125,986.6806184762776,47.52391861181482,892
293,293,293,293,293,293,04/15/2023,02:26:32,17.9341015625,986.668286816348,47.55232003416555,892
294,294,294,294,294,294,04/15/2023,02:27:02,17.923359375,986.6771190288534,47.58787733268227,892
295,295,295,295,295,295,04/15/2023,02:27:32,17.9188671875,986.6896315162636,47.65484552454083,892
296,296,296,296,296,296,04/15/2023,02:28:02,17.93859375,986.6823529628545,47.650996938769886,890
297,297,297,297,297,297,04/15/2023,02:28:32,17.91828125,986.695308122938,47.66705105083781,890
298,298,298,298,298,298,04/15/2023,02:29:02,17.896796875,986.6863912964392,47.73207622918984,890
299,299,299,299,299,299,04/15/2023,02:29:32,17.903046875,986.6967171850546,47.732801855890514,890
300,300,300,300,300,300,04/15/2023,02:30:02,17.917109375,986.7066613044658,47.73443471027873,889
301,301,301,301,301,301,04/15/2023,02:30:32,17.916328125,986.6987259535626,47.752762978438746,888
302,302,302,302,302,302,04/15/2023,02:31:03,17.96515625,986.7328812429042,47.703180178080224,888
303,303,303,303,303,303,04/15/2023,02:31:33,17.96125,986.7197826665875,47.69658815875462,887
304,304,304,304,304,304,04/15/2023,02:32:02,17.956953125,986.712683893499,47.66540062481556,888
305,305,305,305,305,305,04/15/2023,02:32:32,18.008125,986.7241235049185,47.64065414779307,886
306,306,306,306,306,306,04/15/2023,02:33:02,18.0137890625,986.7467718515888,47.5860895168036,886
307,307,307,307,307,307,04/15/2023,02:33:32,18.0270703125,986.7354840860768,47.58762964583376,884
308,308,308,308,308,308,04/15/2023,02:34:02,18.039765625,986.7099353571654,47.5461617391654,884
309,309,309,309,309,309,04/15/2023,02:34:32,18.062421875,986.7207774864316,47.53038761210363,884
310,310,310,310,310,310,04/15/2023,02:35:02,18.0675,986.7557508447416,47.50644501081962,882
311,311,311,311,311,311,04/15/2023,02:35:32,18.0883984375,986.7503957487378,47.502734186731274,882
312,312,312,312,312,312,04/15/2023,02:36:02,18.120625,986.7504574619604,47.451283315739694,882
313,313,313,313,313,313,04/15/2023,02:36:32,18.1415234375,986.7716847953284,47.41692174859014,882
314,314,314,314,314,314,04/15/2023,02:37:02,18.118671875,986.733937751482,47.40201789531591,881
315,315,315,315,315,315,04/15/2023,02:37:32,18.1477734375,986.748773709716,47.39925695956572,880
316,316,316,316,316,316,04/15/2023,02:38:03,18.1528515625,986.7305734568048,47.34469074077393,879
317,317,317,317,317,317,04/15/2023,02:38:33,18.158515625,986.7332820123828,47.382113623854906,879
318,318,318,318,318,318,04/15/2023,02:39:02,18.1313671875,986.7216740088144,47.44026614286442,879
319,319,319,319,319,319,04/15/2023,02:39:32,18.11671875,986.7440049325468,47.46309284487341,878
320,320,320,320,320,320,04/15/2023,02:40:03,18.11359375,986.7388429190592,47.51178705165751,878
321,321,321,321,321,321,04/15/2023,02:40:33,18.178828125,986.7136547171536,47.40898186206752,876
322,322,322,322,322,322,04/15/2023,02:41:02,18.198359375,986.712676691031,47.380596890166856,876
323,323,323,323,323,323,04/15/2023,02:41:32,18.2919140625,986.7275813059308,47.28113010577678,874
324,324,324,324,324,324,04/15/2023,02:42:02,18.3128125,986.7089056649754,47.15494454388669,873
325,325,325,325,325,325,04/15/2023,02:42:32,18.36203125,986.7436440303032,47.02599258279567,871
326,326,326,326,326,326,04/15/2023,02:43:02,18.413984375,986.7496438524544,46.89743886680076,871
327,327,327,327,327,327,04/15/2023,02:43:32,18.4473828125,986.7249946966256,46.80960317977369,871
328,328,328,328,328,328,04/15/2023,02:44:02,18.5137890625,986.7282357265442,46.79890794488259,869
329,329,329,329,329,329,04/15/2023,02:44:32,18.5903515625,986.7282716126564,46.67942633765918,867
330,330,330,330,330,330,04/15/2023,02:45:02,18.7130078125,986.7245424092428,46.498173296229595,864
331,331,331,331,331,331,04/15/2023,02:45:32,18.7622265625,986.7126445887064,46.31476515817647,862
332,332,332,332,332,332,04/15/2023,02:46:02,18.8425,986.7453379792934,46.14116607464486,861
333,333,333,333,333,333,04/15/2023,02:46:32,18.864765625,986.7155446876995,46.07064561293844,860
334,334,334,334,334,334,04/15/2023,02:47:03,18.9419140625,986.6964638694428,45.95772683456875,859
335,335,335,335,335,335,04/15/2023,02:47:33,19.0555859375,986.6910273673722,45.75175827494443,856
336,336,336,336,336,336,04/15/2023,02:48:02,19.0809765625,986.6663581070078,45.614917949564685,855
337,337,337,337,337,337,04/15/2023,02:48:32,19.156171875,986.6706000333292,45.47774685833123,854
338,338,338,338,338,338,04/15/2023,02:49:02,19.2251171875,986.6445329763324,45.32176959941115,851
339,339,339,339,339,339,04/15/2023,02:49:32,19.2294140625,986.618330720612,45.24951302403916,852
340,340,340,340,340,340,04/15/2023,02:50:02,19.281953125,986.6317582663588,45.1766647306263,850
341,341,341,341,341,341,04/15/2023,02:50:32,19.3130078125,986.6430323012004,45.089310001615345,849
342,342,342,342,342,342,04/15/2023,02:51:02,19.391328125,986.6190525194193,44.98915198616522,847
343,343,343,343,343,343,04/15/2023,02:51:32,19.3673046875,986.6393652216938,44.98039868321642,847
344,344,344,344,344,344,04/15/2023,02:52:02,19.2426953125,986.6202655925488,45.18435703934392,849
345,345,345,345,345,345,04/15/2023,02:52:32,19.1675,986.622714748542,45.36377090786134,850
346,346,346,346,346,346,04/15/2023,02:53:02,19.09171875,986.5842315337594,45.49472696134332,850
347,347,347,347,347,347,04/15/2023,02:53:32,19.0075390625,986.6317138285776,45.7098462146226,851
348,348,348,348,348,348,04/15/2023,02:54:03,18.91203125,986.6271836010592,45.91782852520147,853
349,349,349,349,349,349,04/15/2023,02:54:33,18.8305859375,986.6524782804984,46.15807570478239,853
350,350,350,350,350,350,04/15/2023,02:55:02,18.7497265625,986.5855598777548,46.32552610457096,853
351,351,351,351,351,351,04/15/2023,02:55:32,18.67765625,986.606313648484,46.555140358730185,854
352,352,352,352,352,352,04/15/2023,02:56:02,18.658515625,986.6079809981034,46.68115214588531,855
353,353,353,353,353,353,04/15/2023,02:56:32,18.592890625,986.5927798155338,46.808010183058016,856
354,354,354,354,354,354,04/15/2023,02:57:02,18.564375,986.5789641270352,46.939225044739025,856
355,355,355,355,355,355,04/15/2023,02:57:32,18.55109375,986.6035977395052,47.01721643314746,856
356,356,356,356,356,356,04/15/2023,02:58:02,18.54796875,986.5718343377008,47.04745103654822,857
357,357,357,357,357,357,04/15/2023,02:58:32,18.51515625,986.5775246948195,47.14159687095986,856
358,358,358,358,358,358,04/15/2023,02:59:02,18.51125,986.5843774580596,47.18400925368349,857
359,359,359,359,359,359,04/15/2023,02:59:32,18.52140625,986.5678901353708,47.20355892465051,856
360,360,360,360,360,360,04/15/2023,03:00:02,18.5044140625,986.5930441011922,47.24447036471559,856
361,361,361,361,361,361,04/15/2023,03:00:32,18.49484375,986.5705937714216,47.28625045954589,856
362,362,362,362,362,362,04/15/2023,03:01:03,18.4815625,986.5686191433364,47.32148035119699,856
363,363,363,363,363,363,04/15/2023,03:01:33,18.5036328125,986.5718023314788,47.33629911911492,856
364,364,364,364,364,364,04/15/2023,03:02:02,18.51125,986.6043296943762,47.31266604077083,856
365,365,365,365,365,365,04/15/2023,03:02:32,18.499921875,986.572326628633,47.341998191619595,857
366,366,366,366,366,366,04/15/2023,03:03:02,18.486640625,986.6102551802688,47.37723872910054,856
367,367,367,367,367,367,04/15/2023,03:03:32,18.49796875,986.6422589514972,47.39694803568236,857
368,368,368,368,368,368,04/15/2023,03:04:02,18.4878125,986.5988889081044,47.41416427162288,855
369,369,369,369,369,369,04/15/2023,03:04:32,18.49796875,986.6156564840808,47.40921187461441,855
370,370,370,370,370,370,04/15/2023,03:05:02,18.4903515625,986.6296829327654,47.402195123764194,855
371,371,371,371,371,371,04/15/2023,03:05:32,18.5188671875,986.623555950382,47.4116398340974,854
372,372,372,372,372,372,04/15/2023,03:06:02,18.5258984375,986.6351641575624,47.38179725731475,853
373,373,373,373,373,373,04/15/2023,03:06:32,18.549921875,986.6149654452566,47.353932281543706,853
374,374,374,374,374,374,04/15/2023,03:07:02,18.5846875,986.6191474826144,47.32118811118883,851
375,375,375,375,375,375,04/15/2023,03:07:32,18.60421875,986.6314350464928,47.28055195047648,851
376,376,376,376,376,376,04/15/2023,03:08:02,18.58078125,986.6193504500354,47.259449372683214,851
377,377,377,377,377,377,04/15/2023,03:08:32,18.579609375,986.6373702722614,47.32059858637672,851
378,378,378,378,378,378,04/15/2023,03:09:02,18.57140625,986.6038739987736,47.35642731242787,850
379,379,379,379,379,379,04/15/2023,03:09:32,18.5801953125,986.598428782818,47.375841918467025,851
380,380,380,380,380,380,04/15/2023,03:10:03,18.596015625,986.6311965863694,47.33476335337775,851
381,381,381,381,381,381,04/15/2023,03:10:33,18.58390625,986.6112062787732,47.321097412814034,850
382,382,382,382,382,382,04/15/2023,03:11:02,18.5782421875,986.6351132421258,47.3633523192321,851
383,383,383,383,383,383,04/15/2023,03:11:32,18.5567578125,986.6329019569674,47.397645934284256,851
384,384,384,384,384,384,04/15/2023,03:12:02,18.5751171875,986.6033486752904,47.42431096499607,850
385,385,385,385,385,385,04/15/2023,03:12:32,18.5770703125,986.6198757771956,47.40000670425138,849
386,386,386,386,386,386,04/15/2023,03:13:02,18.5864453125,986.6020947299412,47.4317617866087,849
387,387,387,387,387,387,04/15/2023,03:13:32,18.5782421875,986.6085074603966,47.42467434740166,849
388,388,388,388,388,388,04/15/2023,03:14:02,18.5915234375,986.6104776483382,47.420085529641135,849
389,389,389,389,389,389,04/15/2023,03:14:32,18.6016796875,986.6272435551872,47.43966770356075,849
390,390,390,390,390,390,04/15/2023,03:15:02,18.58390625,986.5779487932828,47.43760016615333,849
391,391,391,391,391,391,04/15/2023,03:15:32,18.6079296875,986.5909988283348,47.428127134267584,850
392,392,392,392,392,392,04/15/2023,03:16:02,18.5846875,986.5858899466136,47.44995908321207,849
393,393,393,393,393,393,04/15/2023,03:16:32,18.5971875,986.5932213039796,47.4330112575074,849
394,394,394,394,394,394,04/15/2023,03:17:02,18.5864453125,986.5954432055108,47.46856735382141,849
395,395,395,395,395,395,04/15/2023,03:17:32,18.612421875,986.6516286332804,47.48386176280698,849
396,396,396,396,396,396,04/15/2023,03:18:02,18.6067578125,986.642278288419,47.49547389990528,847
397,397,397,397,397,397,04/15/2023,03:18:32,18.619453125,986.6499322371326,47.496952394097875,847
398,398,398,398,398,398,04/15/2023,03:19:03,18.6352734375,986.6361363666616,47.449711239895834,847
399,399,399,399,399,399,04/15/2023,03:19:33,18.6344921875,986.6814109693524,47.49256788122812,846
400,400,400,400,400,400,04/15/2023,03:20:02,18.6395703125,986.6764899176666,47.462481156155334,846
401,401,401,401,401,401,04/15/2023,03:20:32,18.6503125,986.6809189116268,47.46373189565017,846
402,402,402,402,402,402,04/15/2023,03:21:02,18.6409375,986.692051111634,47.493318639159,847
403,403,403,403,403,403,04/15/2023,03:21:32,18.6395703125,986.6764899176666,47.50543219981184,846
404,404,404,404,404,404,04/15/2023,03:22:02,18.6477734375,986.6767274237365,47.53093660156384,845
405,405,405,405,405,405,04/15/2023,03:22:32,18.668671875,986.6580075915268,47.52723518929504,845
406,406,406,406,406,406,04/15/2023,03:23:02,18.6844921875,986.6907753781346,47.467712552019755,845
407,407,407,407,407,407,04/15/2023,03:23:32,18.6610546875,986.6720429209691,47.51407257904747,844
408,408,408,408,408,408,04/15/2023,03:24:02,18.6536328125,986.6730956167188,47.49479756801017,846
409,409,409,409,409,409,04/15/2023,03:24:32,18.631953125,986.670567394151,47.57205988681772,847
410,410,410,410,410,410,04/15/2023,03:25:02,18.625703125,986.6935095500822,47.589748574280904,850
411,411,411,411,411,411,04/15/2023,03:25:32,18.596015625,986.69106134006,47.63540639835952,851
412,412,412,412,412,412,04/15/2023,03:26:02,18.6559765625,986.7035737122712,47.59328065094713,853
413,413,413,413,413,413,04/15/2023,03:26:32,18.68078125,986.677997002931,47.49796092698489,855
414,414,414,414,414,414,04/15/2023,03:27:02,18.671796875,986.6565137136796,47.4662338394358,855
415,415,415,415,415,415,04/15/2023,03:27:32,18.6813671875,986.652354142178,47.448942755233205,857
416,416,416,416,416,416,04/15/2023,03:28:03,18.76984375,986.6919507230924,47.33657496667619,856
417,417,417,417,417,417,04/15/2023,03:28:33,18.8266796875,986.6726473654556,47.214459164115496,855
418,418,418,418,418,418,04/15/2023,03:29:02,18.931171875,986.6987013023964,47.01834689141762,855
419,419,419,419,419,419,04/15/2023,03:29:32,18.9721875,986.6732139180332,46.845655568615975,853
420,420,420,420,420,420,04/15/2023,03:30:02,19.0258984375,986.675320796598,46.7295847185977,852
421,421,421,421,421,421,04/15/2023,03:30:32,19.03859375,986.6763010983544,46.63328488358226,851
422,422,422,422,422,422,04/15/2023,03:31:02,19.0587109375,986.6961839399175,46.623386968896895,852
423,423,423,423,423,423,04/15/2023,03:31:32,19.0278515625,986.691855932944,46.61983009604664,851
424,424,424,424,424,424,04/15/2023,03:32:02,18.9993359375,986.6514569829064,46.64708574943094,851
425,425,425,425,425,425,04/15/2023,03:32:32,19.0423046875,986.6824245525498,46.63371268235816,849
426,426,426,426,426,426,04/15/2023,03:33:02,19.0637890625,986.6712809601852,46.532369902491425,849
427,427,427,427,427,427,04/15/2023,03:33:32,19.0770703125,986.6532561200625,46.47285618714674,849
428,428,428,428,428,428,04/15/2023,03:34:02,19.1219921875,986.6541502612464,46.368192628047744,847
429,429,429,429,429,429,04/15/2023,03:34:32,19.114375,986.674867511334,46.31852721823719,847
430,430,430,430,430,430,04/15/2023,03:35:02,19.1200390625,986.6575848134488,46.28868985753472,847
431,431,431,431,431,431,04/15/2023,03:35:33,19.11125,986.6497404457645,46.275488583955386,845
432,432,432,432,432,432,04/15/2023,03:36:02,19.096796875,986.6724915247188,46.27383143476831,847
433,433,433,433,433,433,04/15/2023,03:36:32,19.1813671875,986.6788813022088,46.186004364908406,844
434,434,434,434,434,434,04/15/2023,03:37:03,19.1833203125,986.6687882462752,46.07048624498772,844
435,435,435,435,435,435,04/15/2023,03:37:33,19.192890625,986.6978934110824,46.09594127009822,844
436,436,436,436,436,436,04/15/2023,03:38:02,19.2958203125,986.7145637016282,45.931153189637534,842
437,437,437,437,437,437,04/15/2023,03:38:32,19.31046875,986.7453885800716,45.76859267236736,842
438,438,438,438,438,438,04/15/2023,03:39:02,19.2591015625,986.7405494925006,45.79922275505659,842
439,439,439,439,439,439,04/15/2023,03:39:32,19.152265625,986.7507014366406,45.99996739203853,845
440,440,440,440,440,440,04/15/2023,03:40:02,19.0637890625,986.7378458601734,46.1786350259956,848
441,441,441,441,441,441,04/15/2023,03:40:32,18.9815625,986.7352742643368,46.32768541968354,850
442,442,442,442,442,442,04/15/2023,03:41:02,18.9184765625,986.737644747004,46.521760322830346,851
443,443,443,443,443,443,04/15/2023,03:41:32,18.8925,986.7280464081326,46.573714670298045,853
444,444,444,444,444,444,04/15/2023,03:42:02,18.84953125,986.7835607098845,46.64204832691129,856
445,445,445,445,445,445,04/15/2023,03:42:33,18.835078125,986.773012517978,46.6953596506862,858
446,446,446,446,446,446,04/15/2023,03:43:02,18.8128125,986.7828378975356,46.711123548124874,861
447,447,447,447,447,447,04/15/2023,03:43:32,18.7540234375,986.7855969110832,46.783789524956774,863
448,448,448,448,448,448,04/15/2023,03:44:03,18.7438671875,986.7887907323338,46.87431881590578,866
449,449,449,449,449,449,04/15/2023,03:44:33,18.720625,986.7770343185748,46.91444474007897,865
450,450,450,450,450,450,04/15/2023,03:45:02,18.699140625,986.8080947454614,47.03432700395525,867
451,451,451,451,451,451,04/15/2023,03:45:32,18.7305859375,986.8067843493892,46.94006201886915,867
452,452,452,452,452,452,04/15/2023,03:46:02,18.68703125,986.794755791642,47.00232821455727,870
453,453,453,453,453,453,04/15/2023,03:46:32,18.6559765625,986.81666255366,47.05381627282413,873
454,454,454,454,454,454,04/15/2023,03:47:02,18.61046875,986.8213513702436,47.14650438591323,890
455,455,455,455,455,455,04/15/2023,03:47:32,18.5971875,986.8592880236848,47.2429703239756,875
456,456,456,456,456,456,04/15/2023,03:48:02,18.6130078125,986.8188917636792,47.18966941301524,875
457,457,457,457,457,457,04/15/2023,03:48:32,18.596015625,986.8706564236631,47.27347195651896,875
458,458,458,458,458,458,04/15/2023,03:49:02,18.61125,986.882507903056,47.18946572835741,876
459,459,459,459,459,459,04/15/2023,03:49:32,18.5821484375,986.8544104783537,47.24735346361844,878
460,460,460,460,460,460,04/15/2023,03:50:02,18.5815625,986.8933522390914,47.2289054806113,879
461,461,461,461,461,461,04/15/2023,03:50:32,18.5669140625,986.855861064385,47.31912492558045,879
462,462,462,462,462,462,04/15/2023,03:51:03,18.546796875,986.88915488128,47.28614681508137,880
463,463,463,463,463,463,04/15/2023,03:51:33,18.5227734375,986.9093431371028,47.3201318492266,883
464,464,464,464,464,464,04/15/2023,03:52:02,18.5227734375,986.9159940827308,47.32626111434606,883
465,465,465,465,465,465,04/15/2023,03:52:32,18.49796875,986.9215864937688,47.39694803568236,884
466,466,466,466,466,466,04/15/2023,03:53:02,18.46515625,986.9073004740072,47.44219538846586,885
467,467,467,467,467,467,04/15/2023,03:53:32,18.4278515625,986.9121921189748,47.58510774008349,885
468,468,468,468,468,468,04/15/2023,03:54:02,18.473359375,986.927498369264,47.51676216909989,887
469,469,469,469,469,469,04/15/2023,03:54:32,18.4544140625,986.9427617627988,47.41641731569891,889
470,470,470,470,470,470,04/15/2023,03:55:02,18.4688671875,986.946681040426,47.48556366233938,889
471,471,471,471,471,471,04/15/2023,03:55:32,18.4784375,986.9159335049952,47.388548536783304,890
472,472,472,472,472,472,04/15/2023,03:56:02,18.445625,986.9548466457466,47.452192398815946,892
473,473,473,473,473,473,04/15/2023,03:56:32,18.4278515625,986.958741905618,47.51146909798469,892
474,474,474,474,474,474,04/15/2023,03:57:02,18.4645703125,986.9329341820604,47.37467688341992,893
475,475,475,475,475,475,04/15/2023,03:57:32,18.436640625,986.9599582151716,47.50635590916396,893
476,476,476,476,476,476,04/15/2023,03:58:02,18.4315625,986.9582210487164,47.47509281342715,895
477,477,477,477,477,477,04/15/2023,03:58:32,18.4423046875,986.9360625565414,47.46407352752031,895
478,478,478,478,478,478,04/15/2023,03:59:02,18.4563671875,986.9193864364618,47.42890874674875,896
479,479,479,479,479,479,04/15/2023,03:59:32,18.4493359375,986.9077741317408,47.39130133164154,895
480,480,480,480,480,480,04/15/2023,04:00:03,18.453046875,986.8673513113667,47.37947017453319,896
481,481,481,481,481,481,04/15/2023,04:00:33,18.4696484375,986.9213697098568,47.41818663587736,896
482,482,482,482,482,482,04/15/2023,04:01:02,18.48546875,986.867690538322,47.33419171959841,896
483,483,483,483,483,483,04/15/2023,04:01:32,18.46828125,986.892510265102,47.35671646988656,898
484,484,484,484,484,484,04/15/2023,04:02:02,18.44171875,986.84199341804,47.37202504250766,898
485,485,485,485,485,485,04/15/2023,04:02:32,18.41515625,986.8579758857892,47.411859352038704,900
486,486,486,486,486,486,04/15/2023,04:03:02,18.390546875,986.8372823409928,47.41513460774817,900
487,487,487,487,487,487,04/15/2023,04:03:32,18.4721875,986.8657092397128,47.326521994966,901
488,488,488,488,488,488,04/15/2023,04:04:02,18.4770703125,986.8937242025296,47.25968186191496,902
489,489,489,489,489,489,04/15/2023,04:04:32,18.410859375,986.8575293597488,47.374575177500894,902
490,490,490,490,490,490,04/15/2023,04:05:02,18.357734375,986.8695323346508,47.570811041594204,905
491,491,491,491,491,491,04/15/2023,04:05:32,18.39171875,986.8924143341568,47.4827308816923,902
492,492,492,492,492,492,04/15/2023,04:06:02,18.3911328125,986.878147445507,47.458128771137915,903
493,493,493,493,493,493,04/15/2023,04:06:32,18.3930859375,986.888022785102,47.476755871773605,903
494,494,494,494,494,494,04/15/2023,04:07:02,18.36203125,986.8965769949144,47.44248451745949,904
495,495,495,495,495,495,04/15/2023,04:07:33,18.357734375,986.8961292580104,47.454250698136846,905
496,496,496,496,496,496,04/15/2023,04:08:02,18.367109375,986.8783670248474,47.47987204193708,904
497,497,497,497,497,497,04/15/2023,04:08:32,18.3348828125,986.9115782761958,47.463863415132934,907
498,498,498,498,498,498,04/15/2023,04:09:03,18.341328125,986.9022770223768,47.476877942209185,909
499,499,499,499,499,499,04/15/2023,04:09:33,18.3114453125,986.8861635445704,47.50407643682426,909
500,500,500,500,500,500,04/15/2023,04:10:02,18.3317578125,986.8931186831804,47.537110157029296,908
501,501,501,501,501,501,04/15/2023,04:10:32,18.3159375,986.886934646978,47.55367840422085,909
502,502,502,502,502,502,04/15/2023,04:11:02,18.294453125,986.8979885723768,47.60027369965048,909
503,503,503,503,503,503,04/15/2023,04:11:32,18.301484375,986.8896567268152,47.58267999766066,909
504,504,504,504,504,504,04/15/2023,04:12:02,18.32609375,986.930305686854,47.524181596326954,909
505,505,505,505,505,505,04/15/2023,04:12:32,18.3114453125,986.9260560923562,47.4918086595177,909
506,506,506,506,506,506,04/15/2023,04:13:02,18.3368359375,986.9281023672733,47.52542980930461,909
507,507,507,507,507,507,04/15/2023,04:13:32,18.3196484375,986.939606023729,47.43756612545512,911
508,508,508,508,508,508,04/15/2023,04:14:02,18.3128125,986.9549095345444,47.51036944861091,911
509,509,509,509,509,509,04/15/2023,04:14:32,18.307734375,986.9664674847372,47.54658926373845,911
510,510,510,510,510,510,04/15/2023,04:15:02,18.3532421875,986.99509685822,47.5027972247992,909
511,511,511,511,511,511,04/15/2023,04:15:32,18.3766796875,986.9806163346929,47.47485004893299,909
512,512,512,512,512,512,04/15/2023,04:16:03,18.38546875,986.975185254476,47.414545280739944,908
513,513,513,513,513,513,04/15/2023,04:16:33,18.37921875,987.0114082162644,47.43221520415269,907
514,514,514,514,514,514,04/15/2023,04:17:02,18.403828125,987.0121601790594,47.42280789114569,906
515,515,515,515,515,515,04/15/2023,04:17:32,18.389375,987.0348341160568,47.46405778531458,904
516,516,516,516,516,516,04/15/2023,04:18:02,18.3993359375,987.0246891944768,47.495884442546135,903
517,517,517,517,517,517,04/15/2023,04:18:32,18.4196484375,987.044941783248,47.430776766147375,902
518,518,518,518,518,518,04/15/2023,04:19:02,18.4821484375,987.061723530556,47.27865135252864,901
519,519,519,519,519,519,04/15/2023,04:19:32,18.501875,987.0477509951688,47.17067635715144,899
520,520,520,520,520,520,04/15/2023,04:20:02,18.5188671875,987.0492126422608,47.12365876175091,898
521,521,521,521,521,521,04/15/2023,04:20:32,18.5536328125,987.0534227070798,47.0358664613001,897
522,522,522,522,522,522,04/15/2023,04:21:02,18.6048046875,987.0581160473868,46.9377731192595,895
523,523,523,523,523,523,04/15/2023,04:21:32,18.66359375,987.0687254690472,46.85283058183108,892
524,524,524,524,524,524,04/15/2023,04:22:02,18.7313671875,987.0675453761356,46.683421949317285,891
525,525,525,525,525,525,04/15/2023,04:22:32,18.8051953125,987.069688499502,46.496544873745435,890
526,526,526,526,526,526,04/15/2023,04:23:02,18.88625,987.0704302773826,46.310670058765275,888
527,527,527,527,527,527,04/15/2023,04:23:32,18.89953125,987.0990127967004,46.1354963499477,887
528,528,528,528,528,528,04/15/2023,04:24:02,18.9450390625,987.0809737020696,46.03718978143799,886
529,529,529,529,529,529,04/15/2023,04:24:32,18.996796875,987.0932083970322,46.00048821529371,885
530,530,530,530,530,530,04/15/2023,04:25:03,19.0253125,987.113659171755,45.81517856495552,886
531,531,531,531,531,531,04/15/2023,04:25:33,18.98234375,987.102627176449,45.87109327711845,885
532,532,532,532,532,532,04/15/2023,04:26:02,18.93234375,987.099946074846,45.87756882773313,885
533,533,533,533,533,533,04/15/2023,04:26:32,18.8565625,987.0813060586296,45.96626191151878,889
534,534,534,534,534,534,04/15/2023,04:27:02,18.761640625,987.05765470897,46.095415691698186,891
535,535,535,535,535,535,04/15/2023,04:27:32,18.6712109375,987.0546944863856,46.34093008842493,893
536,536,536,536,536,536,04/15/2023,04:28:02,18.62765625,987.04929098881,46.36642942349927,897
537,537,537,537,537,537,04/15/2023,04:28:32,18.556171875,987.0177082275528,46.55951793093308,900
538,538,538,538,538,538,04/15/2023,04:29:02,18.4962109375,987.0383959132356,46.71747075860119,902
539,539,539,539,539,539,04/15/2023,04:29:32,18.437421875,987.0011490334526,46.76569149873493,906
540,540,540,540,540,540,04/15/2023,04:30:02,18.3659375,987.02271684965,46.81857358523368,909
541,541,541,541,541,541,04/15/2023,04:30:32,18.3305859375,987.0241624694556,46.99178537716241,913
542,542,542,542,542,542,04/15/2023,04:31:02,18.3221875,987.0169378301804,47.08258127187655,913
543,543,543,543,543,543,04/15/2023,04:31:32,18.3298046875,987.0228719052852,47.107938751572206,916
544,544,544,544,544,544,04/15/2023,04:32:03,18.3286328125,987.0342339933696,47.05273117880835,916
545,545,545,545,545,545,04/15/2023,04:32:33,18.3305859375,987.0374604448008,47.03460278154173,918
546,546,546,546,546,546,04/15/2023,04:33:02,18.3255078125,987.055667430654,47.04625286314487,919
547,547,547,547,547,547,04/15/2023,04:33:32,18.3399609375,987.0263511124534,47.017331486233445,920
548,548,548,548,548,548,04/15/2023,04:34:02,18.35578125,987.0391864467337,47.00692089502149,920
549,549,549,549,549,549,04/15/2023,04:34:32,18.35578125,987.0391864467337,46.95799396425224,921
550,550,550,550,550,550,04/15/2023,04:35:02,18.3716015625,987.0320730900754,46.9414712215054,922
551,551,551,551,551,551,04/15/2023,04:35:32,18.3716015625,987.0254236786708,46.88033688416907,923
552,552,552,552,552,552,04/15/2023,04:36:02,18.3684765625,987.06680732491,46.92276895859708,924
553,553,553,553,553,553,04/15/2023,04:36:32,18.3747265625,987.0837813289288,46.94794568535606,923
554,554,554,554,554,554,04/15/2023,04:37:02,18.3368359375,987.1076266909984,46.91301466172918,925
555,555,555,555,555,555,04/15/2023,04:37:32,18.30265625,987.0910530410544,47.01915003631792,927
556,556,556,556,556,556,04/15/2023,04:38:02,18.2755078125,987.1326316127472,47.07719842049852,928
557,557,557,557,557,557,04/15/2023,04:38:32,18.23625,987.1408990821986,47.18283627456954,928
558,558,558,558,558,558,04/15/2023,04:39:03,18.23625,987.114306936038,47.18283627456954,929
559,559,559,559,559,559,04/15/2023,04:39:32,18.2212109375,987.1426420018604,47.168856883173866,930
560,560,560,560,560,560,04/15/2023,04:40:02,18.228046875,987.10740142421,47.17576744517039,932
561,561,561,561,561,561,04/15/2023,04:40:32,18.21671875,987.1485152138991,47.18058183581026,932
562,562,562,562,562,562,04/15/2023,04:41:03,18.2204296875,987.141351137186,47.17488832569288,933
563,563,563,563,563,563,04/15/2023,04:41:33,18.2659375,987.1700064109746,47.11893021566891,932
564,564,564,564,564,564,04/15/2023,04:42:02,18.2633984375,987.12592125856,47.03909545158101,933
565,565,565,565,565,565,04/15/2023,04:42:32,18.2387890625,987.151742389868,47.103560041581694,933
566,566,566,566,566,566,04/15/2023,04:43:02,18.2520703125,987.1271495168944,47.02555689160907,936
567,567,567,567,567,567,04/15/2023,04:43:32,18.231171875,987.1391566068148,47.0843252204556,936
568,568,568,568,568,568,04/15/2023,04:44:02,18.19953125,987.1334113333476,47.099034946744474,938
569,569,569,569,569,569,04/15/2023,04:44:32,18.2034375,987.1531611598753,47.14844320984648,939
570,570,570,570,570,570,04/15/2023,04:45:02,18.195234375,987.1595495656398,47.14137669175483,939
571,571,571,571,571,571,04/15/2023,04:45:32,18.19640625,987.1614859494236,47.135391602319785,941
572,572,572,572,572,572,04/15/2023,04:46:02,18.1895703125,987.1834282135444,47.15296450587089,941
573,573,573,573,573,573,04/15/2023,04:46:32,18.158515625,987.1653491793368,47.259584862264155,941
574,574,574,574,574,574,04/15/2023,04:47:02,18.099140625,987.1802288087716,47.27110117489861,942
575,575,575,575,575,575,04/15/2023,04:47:32,18.0864453125,987.1791883173652,47.36764866103575,944
576,576,576,576,576,576,04/15/2023,04:48:03,18.13703125,987.189670607262,47.27547675578174,942
577,577,577,577,577,577,04/15/2023,04:48:33,18.114375,987.2120517815576,47.33411508392598,944
578,578,578,578,578,578,04/15/2023,04:49:02,18.1395703125,987.207160601514,47.2818948338237,942
579,579,579,579,579,579,04/15/2023,04:49:32,18.135078125,987.2063840310944,47.18952760059955,943
580,580,580,580,580,580,04/15/2023,04:50:02,18.135078125,987.2396191030608,47.25687822892258,943
581,581,581,581,581,581,04/15/2023,04:50:32,18.1446484375,987.248788075028,47.20899756521919,944
582,582,582,582,582,582,04/15/2023,04:51:02,18.1313671875,987.2068984537468,47.189099592678915,946
583,583,583,583,583,583,04/15/2023,04:51:32,18.1383984375,987.2384592559124,47.183789056609854,946
584,584,584,584,584,584,04/15/2023,04:52:02,18.1175,987.2570972023984,47.27322106030737,946
585,585,585,585,585,585,04/15/2023,04:52:32,18.0675,987.267512995866,47.322572336480206,948
586,586,586,586,586,586,04/15/2023,04:53:02,18.066328125,987.2589298314712,47.32243696750925,949
587,587,587,587,587,587,04/15/2023,04:53:32,18.07765625,987.2643597904332,47.28086941335954,949
588,588,588,588,588,588,04/15/2023,04:54:02,18.07375,987.2446109403218,47.28654292612725,950
589,589,589,589,589,589,04/15/2023,04:54:32,18.1110546875,987.239798442274,47.24798110111123,949
590,590,590,590,590,590,04/15/2023,04:55:02,18.0833203125,987.253781656414,47.26927482923539,949
591,591,591,591,591,591,04/15/2023,04:55:32,18.0378125,987.211800483417,47.362027209656375,949
592,592,592,592,592,592,04/15/2023,04:56:02,18.014375,987.2062933784988,47.35319259822939,952
593,593,593,593,593,593,04/15/2023,04:56:32,18.0251171875,987.1908184790568,47.39119727437152,952
594,594,594,594,594,594,04/15/2023,04:57:03,18.0567578125,987.2231737436732,47.33970958143254,952
595,595,595,595,595,595,04/15/2023,04:57:33,18.1231640625,987.2265766897426,47.18815353559906,952
596,596,596,596,596,596,04/15/2023,04:58:02,18.11046875,987.232183324773,47.16832666413032,952
597,597,597,597,597,597,04/15/2023,04:58:32,18.0536328125,987.224655147186,47.27197232398484,952
598,598,598,598,598,598,04/15/2023,04:59:02,18.0434765625,987.2344538694538,47.30142201090203,952
599,599,599,599,599,599,04/15/2023,04:59:32,18.0290234375,987.230504040718,47.32425416892561,953
600,600,600,600,600,600,04/15/2023,05:00:02,18.0270703125,987.2405677412728,47.275031090446255,954
601,601,601,601,601,601,04/15/2023,05:00:32,17.996015625,987.2424053526598,47.33269416151749,955
602,602,602,602,602,602,04/15/2023,05:01:02,17.9833203125,987.214776341579,47.36798543780731,955
603,603,603,603,603,603,04/15/2023,05:01:32,18.0231640625,987.220819752233,47.348081404851555,955
604,604,604,604,604,604,04/15/2023,05:02:02,18.0700390625,987.231831416575,47.28611449139735,954
605,605,605,605,605,605,04/15/2023,05:02:32,18.109296875,987.216953133626,47.211041339104995,953
606,606,606,606,606,606,04/15/2023,05:03:02,18.1048046875,987.209529243124,47.284004143521386,951
607,607,607,607,607,607,04/15/2023,05:03:32,18.1028515625,987.2063014704036,47.283778590221914,952
608,608,608,608,608,608,04/15/2023,05:04:02,18.0977734375,987.1979092776662,47.313818109430755,950
609,609,609,609,609,609,04/15/2023,05:04:33,18.0895703125,987.1976457796418,47.40477951587005,948
610,610,610,610,610,610,04/15/2023,05:05:02,18.0794140625,987.2074470479668,47.421991899173165,946
611,611,611,611,611,611,04/15/2023,05:05:32,18.0833203125,987.1806704026608,47.367287347327064,944
612,612,612,612,612,612,04/15/2023,05:06:02,18.088984375,987.1900309128936,47.38019786122121,944
613,613,613,613,613,613,04/15/2023,05:06:32,18.099140625,987.1669355485066,47.344607533202016,943
614,614,614,614,614,614,04/15/2023,05:07:02,18.1540234375,987.197809246794,47.28968978261488,942
615,615,615,615,615,615,04/15/2023,05:07:32,18.192109375,987.1876238368372,47.22672170091556,939
616,616,616,616,616,616,04/15/2023,05:08:02,18.2501171875,987.2103489818792,47.11710547708136,937
617,617,617,617,617,617,04/15/2023,05:08:32,18.284296875,987.1670985180692,47.01703520335991,936
618,618,618,618,618,618,04/15/2023,05:09:02,18.3653515625,987.148086824286,46.84294836846273,932
619,619,619,619,619,619,04/15/2023,05:09:32,18.440546875,987.1260130040764,46.637814042676695,928
620,620,620,620,620,620,04/15/2023,05:10:02,18.4626171875,987.1358694940228,46.53049920838524,928
621,621,621,621,621,621,04/15/2023,05:10:32,18.5372265625,987.1393960109998,46.39267061537643,926
622,622,622,622,622,622,04/15/2023,05:11:02,18.556171875,987.1573862758742,46.22422189807103,925
623,623,623,623,623,623,04/15/2023,05:11:32,18.5770703125,987.1386926854946,46.22660380513506,924
624,624,624,624,624,624,04/15/2023,05:12:02,18.620625,987.170719465568,46.09761947317042,923
625,625,625,625,625,625,04/15/2023,05:12:32,18.6825390625,987.1864965889644,45.98905382220893,921
626,626,626,626,626,626,04/15/2023,05:13:03,18.629609375,987.172254286902,45.96479472137493,922
627,627,627,627,627,627,04/15/2023,05:13:33,18.5606640625,987.1448520129836,46.02995437997661,924
628,628,628,628,628,628,04/15/2023,05:14:02,18.4973828125,987.1666953443292,46.09577596825699,924
629,629,629,629,629,629,04/15/2023,05:14:32,18.43546875,987.1708253063148,46.23483322950971,928
630,630,630,630,630,630,04/15/2023,05:15:02,18.3659375,987.1357560659212,46.4035912954104,929
631,631,631,631,631,631,04/15/2023,05:15:32,18.29953125,987.1922693994376,46.45087670545163,932
632,632,632,632,632,632,04/15/2023,05:16:02,18.2551953125,987.158905681109,46.53118311977119,936
633,633,633,633,633,633,04/15/2023,05:16:32,18.217890625,987.190338677577,46.63063008471275,939
634,634,634,634,634,634,04/15/2023,05:17:02,18.238203125,987.144126189039,46.59024129897035,937
635,635,635,635,635,635,04/15/2023,05:17:32,18.1887890625,987.1954323761412,46.60899759085868,941
636,636,636,636,636,636,04/15/2023,05:18:02,18.1508984375,987.1926451423398,46.72672805359793,944
637,637,637,637,637,637,04/15/2023,05:18:32,18.1466015625,987.198838764769,46.79340591143864,945
638,638,638,638,638,638,04/15/2023,05:19:02,18.18390625,987.1807162752298,46.67556605636474,947
639,639,639,639,639,639,04/15/2023,05:19:32,18.158515625,987.205232662585,46.73370546695346,947
640,640,640,640,640,640,04/15/2023,05:20:03,18.15734375,987.2099433580707,46.69694231869334,948
641,641,641,641,641,641,04/15/2023,05:20:33,18.10734375,987.200431905888,46.75837536483067,950
642,642,642,642,642,642,04/15/2023,05:21:02,18.1200390625,987.2479997171548,46.77204164848638,952
643,643,643,643,643,643,04/15/2023,05:21:32,18.0903515625,987.218876540287,46.82360708870241,952
644,644,644,644,644,644,04/15/2023,05:22:02,18.1118359375,987.2277960281968,46.80774501273245,952
645,645,645,645,645,645,04/15/2023,05:22:32,18.0997265625,987.2543102410408,46.812465290154144,952
646,646,646,646,646,646,04/15/2023,05:23:02,18.112421875,987.2553515104306,46.7894897474226,954
647,647,647,647,647,647,04/15/2023,05:23:32,18.0700390625,987.2584168059776,46.815171840100696,954
648,648,648,648,648,648,04/15/2023,05:24:02,18.0219921875,987.2786955606338,46.94408016939376,956
649,649,649,649,649,649,04/15/2023,05:24:32,17.9688671875,987.2772765692828,47.06637292240426,956
650,650,650,650,650,650,04/15/2023,05:25:02,17.936640625,987.2505873826736,47.15442830446425,958
651,651,651,651,651,651,04/15/2023,05:25:32,17.899921875,987.2563383558264,47.23588398505803,958
652,652,652,652,652,652,04/15/2023,05:26:02,17.91515625,987.308100784069,47.24988229771556,958
653,653,653,653,653,653,04/15/2023,05:26:32,17.9239453125,987.2761161896768,47.25701719693346,957
654,654,654,654,654,654,04/15/2023,05:27:03,17.94484375,987.2575019832542,47.24718074204748,957
655,655,655,655,655,655,04/15/2023,05:27:33,17.9758984375,987.2623175080656,47.19566564330425,956
656,656,656,656,656,656,04/15/2023,05:28:02,18.013203125,987.290751416063,47.15712107863902,954
657,657,657,657,657,657,04/15/2023,05:28:32,18.038984375,987.2669054908762,47.11725664517244,952
658,658,658,658,658,658,04/15/2023,05:29:02,18.0446484375,987.296205519857,47.09343690300994,950
659,659,659,659,659,659,04/15/2023,05:29:32,18.0188671875,987.240301214712,47.25571446702672,950
660,660,660,660,660,660,04/15/2023,05:30:02,18.0036328125,987.2483499018484,47.266203806010466,948
661,661,661,661,661,661,04/15/2023,05:30:32,17.9883984375,987.2431061960544,47.33181476567691,948
662,662,662,662,662,662,04/15/2023,05:31:02,18.0169140625,987.2237814607917,47.35348589888853,945
663,663,663,663,663,663,04/15/2023,05:31:32,18.069453125,987.2441557060675,47.24930358909093,942
664,664,664,664,664,664,04/15/2023,05:32:02,18.012421875,987.2495855318048,47.27946485964524,942
665,665,665,665,665,665,04/15/2023,05:32:32,17.9815625,987.2251618061996,47.39841904270462,942
666,666,666,666,666,666,04/15/2023,05:33:02,18.013203125,987.2508768196174,47.426590885094086,941
667,667,667,667,667,667,04/15/2023,05:33:32,18.0567578125,987.2231737436732,47.32133152356111,938
668,668,668,668,668,668,04/15/2023,05:34:02,18.0598828125,987.241631000186,47.29719130317875,938
669,669,669,669,669,669,04/15/2023,05:34:32,18.0751171875,987.2867489680644,47.29282548058218,936
670,670,670,670,670,670,04/15/2023,05:35:02,18.07453125,987.2525485323472,47.30500787553532,933
671,671,671,671,671,671,04/15/2023,05:35:32,18.0637890625,987.2746722155432,47.29151753289481,933
672,672,672,672,672,672,04/15/2023,05:36:03,18.0864453125,987.2921790660728,47.29413360120129,933
673,673,673,673,673,673,04/15/2023,05:36:33,18.05734375,987.2706656551064,47.34590374094656,933
674,674,674,674,674,674,04/15/2023,05:37:02,18.07765625,987.3042384070172,47.323745611794195,932
675,675,675,675,675,675,04/15/2023,05:37:32,18.0794140625,987.3004972998348,47.323948692794104,931
676,676,676,676,676,676,04/15/2023,05:38:02,18.1067578125,987.2991645076612,47.3026049209214,931
677,677,677,677,677,677,04/15/2023,05:38:32,18.0794140625,987.2938508422816,47.35458119554017,929
678,678,678,678,678,678,04/15/2023,05:39:02,18.0770703125,987.3032699569584,47.36043741348944,930
679,679,679,679,679,679,04/15/2023,05:39:32,18.0782421875,987.2919139658188,47.37282781836437,928
680,680,680,680,680,680,04/15/2023,05:40:02,18.114375,987.2918134730944,47.346368679145925,928
681,681,681,681,681,681,04/15/2023,05:40:32,18.11671875,987.275746556355,47.3160071643382,926
682,682,682,682,682,682,04/15/2023,05:41:02,18.1130078125,987.2829070704876,47.32170436050103,926
683,683,683,683,683,683,04/15/2023,05:41:32,18.138984375,987.2992511804453,47.324706806357405,924
684,684,684,684,684,684,04/15/2023,05:42:02,18.168671875,987.3350214969502,47.27300715212214,924
685,685,685,685,685,685,04/15/2023,05:42:32,18.2028515625,987.3050904694568,47.19734763246746,923
686,686,686,686,686,686,04/15/2023,05:43:03,18.244453125,987.2940640199172,47.128692300333256,921
687,687,687,687,687,687,04/15/2023,05:43:33,18.2071484375,987.3188392876972,47.136630312128105,922
688,688,688,688,688,688,04/15/2023,05:44:02,18.201484375,987.3094787751866,47.2155578713474,921
689,689,689,689,689,689,04/15/2023,05:44:32,18.208515625,987.2878597527186,47.185757017803176,920
690,690,690,690,690,690,04/15/2023,05:45:03,18.2337109375,987.2896085855788,47.176421199893205,918
691,691,691,691,691,691,04/15/2023,05:45:33,18.260859375,987.3145273173244,47.12446456412786,918
692,692,692,692,692,692,04/15/2023,05:46:02,18.2559765625,987.3330515625536,47.117781267062654,918
693,693,693,693,693,693,04/15/2023,05:46:32,18.2419140625,987.283220057728,47.165124619444946,917
694,694,694,694,694,694,04/15/2023,05:47:02,18.235078125,987.278571766252,47.17045724274397,916
695,695,695,695,695,695,04/15/2023,05:47:32,18.231953125,987.299999829842,47.20070740748047,916
696,696,696,696,696,696,04/15/2023,05:48:02,18.211640625,987.3129675015632,47.27797281952809,917
697,697,697,697,697,697,04/15/2023,05:48:32,18.2192578125,987.3322036024724,47.2849788647195,916
698,698,698,698,698,698,04/15/2023,05:49:02,18.2065625,987.317870957458,47.25901106462649,916
699,699,699,699,699,699,04/15/2023,05:49:32,18.2716015625,987.312333646529,47.16242978018987,914
700,700,700,700,700,700,04/15/2023,05:50:02,18.3196484375,987.3119443511272,47.14961228180949,912
701,701,701,701,701,701,04/15/2023,05:50:32,18.3848828125,987.346594042704,47.040863220425976,909
702,702,702,702,702,702,04/15/2023,05:51:02,18.3665234375,987.3694536176184,46.95923096025102,910
703,703,703,703,703,703,04/15/2023,05:51:32,18.43234375,987.3585157635636,46.87509995730777,909
704,704,704,704,704,704,04/15/2023,05:52:03,18.4391796875,987.356510305256,46.74146008209792,908
705,705,705,705,705,705,04/15/2023,05:52:33,18.453046875,987.3129193683932,46.73083682542816,908
706,706,706,706,706,706,04/15/2023,05:53:02,18.4903515625,987.334649493314,46.753446238508445,906
707,707,707,707,707,707,04/15/2023,05:53:32,18.55421875,987.313792687894,46.71191887385376,905
708,708,708,708,708,708,04/15/2023,05:54:02,18.5997265625,987.3490612299086,46.63165478240923,902
709,709,709,709,709,709,04/15/2023,05:54:32,18.6446484375,987.343443964342,46.502539660998494,900
710,710,710,710,710,710,04/15/2023,05:55:02,18.711640625,987.3210489594842,46.357744861670746,899
711,711,711,711,711,711,04/15/2023,05:55:32,18.79328125,987.336130633919,46.25128021519616,897
712,712,712,712,712,712,04/15/2023,05:56:02,18.863984375,987.3331241140936,46.100995026401925,894
713,713,713,713,713,713,04/15/2023,05:56:32,19.010078125,987.3214719327074,45.86208632739187,890
714,714,714,714,714,714,04/15/2023,05:57:02,19.114375,987.3405765764784,45.588342756755125,890
715,715,715,715,715,715,04/15/2023,05:57:32,19.1909375,987.3338279307516,45.37248317080379,886
716,716,716,716,716,716,04/15/2023,05:58:02,19.235078125,987.326799455416,45.2683346605492,885
717,717,717,717,717,717,04/15/2023,05:58:32,19.28,987.354345629556,45.17644459430394,882
718,718,718,718,718,718,04/15/2023,05:59:03,19.2723828125,987.3550890054232,45.15741252144648,883
719,719,719,719,719,719,04/15/2023,05:59:32,19.32296875,987.3520254540242,45.09043139633042,879
720,720,720,720,720,720,04/15/2023,06:00:02,19.357734375,987.3428164628197,45.02774419545523,879
721,721,721,721,721,721,04/15/2023,06:00:32,19.389375,987.3284432885984,44.9526219447642,879
722,722,722,722,722,722,04/15/2023,06:01:03,19.2844921875,987.3284665516056,45.03766689544167,879
723,723,723,723,723,723,04/15/2023,06:01:33,19.1454296875,987.3319322779624,45.31883646155456,882
724,724,724,724,724,724,04/15/2023,06:02:02,19.043671875,987.3370038296484,45.58033277994318,882
725,725,725,725,725,725,04/15/2023,06:02:32,18.939375,987.3311805933722,45.8479668285662,882
726,726,726,726,726,726,04/15/2023,06:03:02,18.857734375,987.3627295048618,46.051583817433425,884
727,727,727,727,727,727,04/15/2023,06:03:32,18.764765625,987.355569843789,46.27239489151201,885
728,728,728,728,728,728,04/15/2023,06:04:02,18.7149609375,987.3664514900904,46.443494243100425,886
729,729,729,729,729,729,04/15/2023,06:04:32,18.6813671875,987.3575307790236,46.58608435947629,885
730,730,730,730,730,730,04/15/2023,06:05:02,18.6649609375,987.350387934334,46.66357159457681,885
731,731,731,731,731,731,04/15/2023,06:05:32,18.6409375,987.357270765584,46.70356227524307,884
732,732,732,732,732,732,04/15/2023,06:06:02,18.6251171875,987.331137088314,46.78727535858174,886
733,733,733,733,733,733,04/15/2023,06:06:32,18.61046875,987.3401992282628,46.82836995186804,885
734,734,734,734,734,734,04/15/2023,06:07:02,18.5864453125,987.3204693313196,46.88673438029933,884
735,735,735,735,735,735,04/15/2023,06:07:32,18.5770703125,987.3182855535874,46.94680562070519,886
736,736,736,736,736,736,04/15/2023,06:08:03,18.5536328125,987.3061733554368,47.02974730277701,885
737,737,737,737,737,737,04/15/2023,06:08:33,18.54796875,987.270211219496,47.0719313309056,885
738,738,738,738,738,738,04/15/2023,06:09:02,18.54171875,987.2997940409144,47.10181390529434,885
739,739,739,739,739,739,04/15/2023,06:09:32,18.5587109375,987.2680024584932,47.15275965101447,884
740,740,740,740,740,740,04/15/2023,06:10:02,18.54171875,987.2598866304934,47.15691647987481,884
741,741,741,741,741,741,04/15/2023,06:10:32,18.5383984375,987.2144945720052,47.19327684733257,884
742,742,742,742,742,742,04/15/2023,06:11:02,18.5341015625,987.2406524384196,47.19890410513688,883
743,743,743,743,743,743,04/15/2023,06:11:32,18.510078125,987.294080647432,47.2390003331903,882
744,744,744,744,744,744,04/15/2023,06:12:02,18.5423046875,987.2542033237556,47.23660817269469,881
745,745,745,745,745,745,04/15/2023,06:12:32,18.536640625,987.2381955807653,47.229825654066275,880
746,746,746,746,746,746,04/15/2023,06:13:02,18.529609375,987.2531850427924,47.24738987710061,880
747,747,747,747,747,747,04/15/2023,06:13:32,18.5598828125,987.2632868768384,47.23864543344151,879
748,748,748,748,748,748,04/15/2023,06:14:02,18.54171875,987.25323540135,47.230414055709474,879
749,749,749,749,749,749,04/15/2023,06:14:32,18.54796875,987.2303034663316,47.26789929145292,879
750,750,750,750,750,750,04/15/2023,06:15:02,18.559296875,987.2889246273756,47.27534062247713,878
751,751,751,751,751,751,04/15/2023,06:15:32,18.5598828125,987.2965439918138,47.25089894301545,879
752,752,752,752,752,752,04/15/2023,06:16:02,18.555,987.2818264244784,47.25645990643767,878
753,753,753,753,753,753,04/15/2023,06:16:32,18.564375,987.2441016972272,47.269801805036565,877
754,754,754,754,754,754,04/15/2023,06:17:03,18.5524609375,987.2776320397284,47.28680378415262,877
755,755,755,755,755,755,04/15/2023,06:17:33,18.56828125,987.2705088198718,47.3131542564751,875
756,756,756,756,756,756,04/15/2023,06:18:02,18.5598828125,987.2699382964464,47.31830883718848,876
757,757,757,757,757,757,04/15/2023,06:18:32,18.5606640625,987.2712288557738,47.324529000108875,876
758,758,758,758,758,758,04/15/2023,06:19:02,18.555,987.2552209461494,47.31774214813562,876
759,759,759,759,759,759,04/15/2023,06:19:32,18.558125,987.2603831392992,47.367146611518045,875
760,760,760,760,760,760,04/15/2023,06:20:02,18.5598828125,987.2566354589236,47.361219780550755,875
761,761,761,761,761,761,04/15/2023,06:20:32,18.5770703125,987.2717243210932,47.36934739408488,874
762,762,762,762,762,762,04/15/2023,06:21:02,18.5903515625,987.2936635399668,47.32184569887235,874
763,763,763,763,763,763,04/15/2023,06:21:32,18.6282421875,987.2697779174952,47.33237611927629,873
764,764,764,764,764,764,04/15/2023,06:22:02,18.638984375,987.3074785935746,47.27845825929572,873
765,765,765,765,765,765,04/15/2023,06:22:32,18.6466015625,987.306756311245,47.23644730766953,871
766,766,766,766,766,766,04/15/2023,06:23:02,18.6262890625,987.3197686648476,47.26472840546391,871
767,767,767,767,767,767,04/15/2023,06:23:32,18.609296875,987.3050036377492,47.3179156886328,872
768,768,768,768,768,768,04/15/2023,06:24:03,18.6446484375,987.3168347135386,47.29750256478617,871
769,769,769,769,769,769,04/15/2023,06:24:33,18.65421875,987.3259909845328,47.32313317689025,871
770,770,770,770,770,770,04/15/2023,06:25:02,18.665546875,987.3646608932507,47.25702823077309,869
771,771,771,771,771,771,04/15/2023,06:25:32,18.659296875,987.3609891188946,47.2869451795512,869
772,772,772,772,772,772,04/15/2023,06:26:02,18.642890625,987.3405402620972,47.309557395769446,869
773,773,773,773,773,773,04/15/2023,06:26:32,18.6579296875,987.3587306801612,47.360350031710496,870
774,774,774,774,774,774,04/15/2023,06:27:02,18.6731640625,987.377243615392,47.28242640139853,868
775,775,775,775,775,775,04/15/2023,06:27:32,18.675703125,987.4013958165248,47.30723891055776,869
776,776,776,776,776,776,04/15/2023,06:28:02,18.6794140625,987.4141787009792,47.3015402297092,868
777,777,777,777,777,777,04/15/2023,06:28:32,18.668671875,987.3698230293152,47.31255200674305,868
778,778,778,778,778,778,04/15/2023,06:29:02,18.658515625,987.3663510468064,47.3481553539031,867
779,779,779,779,779,779,04/15/2023,06:29:32,18.655390625,987.3944510520638,47.37845058380452,868
780,780,780,780,780,780,04/15/2023,06:30:02,18.65421875,987.372557900614,47.35991864046296,866
781,781,781,781,781,781,04/15/2023,06:30:32,18.6409375,987.3905321928548,47.40130007299312,867
782,782,782,782,782,782,04/15/2023,06:31:02,18.646015625,987.3523547330108,47.46323158125888,867
783,783,783,783,783,783,04/15/2023,06:31:32,18.6282421875,987.356255719448,47.497976093886464,866
784,784,784,784,784,784,04/15/2023,06:32:02,18.6466015625,987.386584356644,47.48784227856677,866
785,785,785,785,785,785,04/15/2023,06:32:32,18.655390625,987.36784130477,47.45205307393631,866
786,786,786,786,786,786,04/15/2023,06:33:03,18.65421875,987.3526006407,47.43964740678901,866
787,787,787,787,787,787,04/15/2023,06:33:33,18.6579296875,987.365383138391,47.427810912955145,867
788,788,788,788,788,788,04/15/2023,06:34:02,18.6940625,987.3651958410134,47.34615627318742,867
789,789,789,789,789,789,04/15/2023,06:34:32,18.7016796875,987.3644723592996,47.30412699980002,870
790,790,790,790,790,790,04/15/2023,06:35:02,18.6825390625,987.346161111758,47.31416311254955,871
791,791,791,791,791,791,04/15/2023,06:35:32,18.6485546875,987.3565490050048,47.371523669821705,872
792,792,792,792,792,792,04/15/2023,06:36:02,18.6466015625,987.386584356644,47.40809199354383,874
793,793,793,793,793,793,04/15/2023,06:36:32,18.675703125,987.354827293162,47.38081285402044,874
794,794,794,794,794,794,04/15/2023,06:37:02,18.7786328125,987.378474252089,47.26403259717131,872
795,795,795,795,795,795,04/15/2023,06:37:32,18.8747265625,987.397447603804,47.04241393954466,869
796,796,796,796,796,796,04/15/2023,06:38:02,18.9841015625,987.4050404032292,46.79811356795845,867
797,797,797,797,797,797,04/15/2023,06:38:32,19.04875,987.3919842030634,46.62834712685229,866
798,798,798,798,798,798,04/15/2023,06:39:02,19.122578125,987.4073785268972,46.41706520917657,864
799,799,799,799,799,799,04/15/2023,06:39:32,19.20734375,987.4208365078524,46.26822175520626,862
800,800,800,800,800,800,04/15/2023,06:40:03,19.1598828125,987.3890824532896,46.22620286688837,863
801,801,801,801,801,801,04/15/2023,06:40:33,19.119453125,987.4088759576732,46.30691438501266,862
802,802,802,802,802,802,04/15/2023,06:41:02,19.092890625,987.4049593949388,46.33435618989517,862
803,803,803,803,803,803,04/15/2023,06:41:32,19.1126171875,987.4308747021248,46.32442354233388,862
804,804,804,804,804,804,04/15/2023,06:42:03,19.1239453125,987.3896640795584,46.25865578867965,861
805,805,805,805,805,805,04/15/2023,06:42:33,19.1505078125,987.4268644525714,46.20684464730385,861
806,806,806,806,806,806,04/15/2023,06:43:02,19.1751171875,987.4275508607036,46.13045429267104,858
807,807,807,807,807,807,04/15/2023,06:43:32,19.196015625,987.4287658391736,46.04149195712142,859
808,808,808,808,808,808,04/15/2023,06:44:02,19.17765625,987.4450587724637,46.02112924251791,859
809,809,809,809,809,809,04/15/2023,06:44:32,19.226875,987.4397662964324,45.99631465520904,857
810,810,810,810,810,810,04/15/2023,06:45:02,19.25421875,987.4649354411262,45.8898974436091,857
811,811,811,811,811,811,04/15/2023,06:45:32,19.335078125,987.491885111592,45.77747618081379,854
812,812,812,812,812,812,04/15/2023,06:46:02,19.397578125,987.4618651015704,45.62049163928961,853
813,813,813,813,813,813,04/15/2023,06:46:32,19.4001171875,987.492697112142,45.51753383218896,853
814,814,814,814,814,814,04/15/2023,06:47:02,19.4645703125,987.499184553664,45.44593147072918,851
815,815,815,815,815,815,04/15/2023,06:47:32,19.4425,987.496056716002,45.33421905408855,851
816,816,816,816,816,816,04/15/2023,06:48:02,19.3034375,987.466286653748,45.52477835723653,853
817,817,817,817,817,817,04/15/2023,06:48:32,19.1505078125,987.5067554309128,45.86590933267128,856
818,818,818,818,818,818,04/15/2023,06:49:02,19.0454296875,987.4730358510388,46.0912630392731,858
819,819,819,819,819,819,04/15/2023,06:49:32,18.986640625,987.4624803961595,46.26730527891222,862
820,820,820,820,820,820,04/15/2023,06:50:02,18.9758984375,987.4647073413284,46.23560289913271,862
821,821,821,821,821,821,04/15/2023,06:50:32,18.9153515625,987.4711983253246,46.39937139122878,865
822,822,822,822,822,822,04/15/2023,06:51:03,18.8591015625,987.4648057644296,46.49052829815851,868
823,823,823,823,823,823,04/15/2023,06:51:33,18.82921875,987.4952997251507,46.59085998507407,870
824,824,824,824,824,824,04/15/2023,06:52:02,18.781953125,987.4571497507792,46.658702409224944,871
825,825,825,825,825,825,04/15/2023,06:52:32,18.7477734375,987.4605720330588,46.72807247798752,873
826,826,826,826,826,826,04/15/2023,06:53:02,18.7034375,987.4738230500476,46.87576821477057,875
827,827,827,827,827,827,04/15/2023,06:53:32,18.685078125,987.4900630263764,46.916456944665725,875
828,828,828,828,828,828,04/15/2023,06:54:02,18.7173046875,987.4967316167229,46.88348323965936,877
829,829,829,829,829,829,04/15/2023,06:54:32,18.7040234375,987.5080558543818,46.888065662936015,877
830,830,830,830,830,830,04/15/2023,06:55:02,18.6598828125,987.481701907588,46.9380136029906,878
831,831,831,831,831,831,04/15/2023,06:55:32,18.625703125,987.4651476811516,47.06255645067965,879
832,832,832,832,832,832,04/15/2023,06:56:02,18.60421875,987.4895205743918,47.20090165225074,879
833,833,833,833,833,833,04/15/2023,06:56:32,18.6548046875,987.4999222730928,47.004722353582494,882
834,834,834,834,834,834,04/15/2023,06:57:02,18.645234375,987.5107204550789,46.99137920196917,882
835,835,835,835,835,835,04/15/2023,06:57:32,18.6200390625,987.4890504836352,47.06190144379921,882
836,836,836,836,836,836,04/15/2023,06:58:03,18.614375,987.4730405018246,47.08573075307006,884
837,837,837,837,837,837,04/15/2023,06:58:33,18.6016796875,987.4786736501186,47.05977861221207,884
838,838,838,838,838,838,04/15/2023,06:59:02,18.5923046875,987.4565327023416,47.14440139244253,884
839,839,839,839,839,839,04/15/2023,06:59:32,18.5688671875,987.4111588941902,47.147811765690214,887
840,840,840,840,840,840,04/15/2023,07:00:03,18.569453125,987.398823830318,47.13563326660163,888
841,841,841,841,841,841,04/15/2023,07:00:33,18.57765625,987.4256795879296,47.14270575108322,888
842,842,842,842,842,842,04/15/2023,07:01:02,18.5434765625,987.4091183034886,47.15711991889935,890
843,843,843,843,843,843,04/15/2023,07:01:32,18.555,987.454762694109,47.19519947114913,889
844,844,844,844,844,844,04/15/2023,07:02:02,18.5044140625,987.4576460720872,47.28123223879367,890
845,845,845,845,845,845,04/15/2023,07:02:32,18.535859375,987.456394348443,47.20523272666231,891
846,846,846,846,846,846,04/15/2023,07:03:02,18.533515625,987.4392194820113,47.18046247180945,891
847,847,847,847,847,847,04/15/2023,07:03:32,18.5044140625,987.5241551010972,47.226092371671655,893
848,848,848,848,848,848,04/15/2023,07:04:02,18.48859375,987.484711855294,47.31003835127475,893
849,849,849,849,849,849,04/15/2023,07:04:32,18.4512890625,987.5095251385392,47.29958523075261,895
850,850,850,850,850,850,04/15/2023,07:05:02,18.458125,987.507520653736,47.33714928994283,896
851,851,851,851,851,851,04/15/2023,07:05:32,18.45890625,987.5221125307102,47.331110728396126,896
852,852,852,852,852,852,04/15/2023,07:06:02,18.4821484375,987.52061642916,47.31541951740968,896
853,853,853,853,853,853,04/15/2023,07:06:32,18.4696484375,987.5465146274184,47.258822024696485,896
854,854,854,854,854,854,04/15/2023,07:07:03,18.4688671875,987.525271954952,47.27098508388862,896
855,855,855,855,855,855,04/15/2023,07:07:33,18.4247265625,987.5387819514264,47.339405379306335,899
856,856,856,856,856,856,04/15/2023,07:08:02,18.4126171875,987.5121202330192,47.380909466351746,899
857,857,857,857,857,857,04/15/2023,07:08:32,18.436640625,987.538520420714,47.359175613044826,899
858,858,858,858,858,858,04/15/2023,07:09:02,18.4544140625,987.4880876371265,47.29381962405525,900
859,859,859,859,859,859,04/15/2023,07:09:32,18.437421875,987.4932599747935,47.33474836616807,900
860,860,860,860,860,860,04/15/2023,07:10:02,18.445625,987.4669138526334,47.28667356324488,901
861,861,861,861,861,861,04/15/2023,07:10:32,18.420234375,987.4582078548908,47.3204983567803,902
862,862,862,862,862,862,04/15/2023,07:11:02,18.4266796875,987.4489082678892,47.290605826576815,903
863,863,863,863,863,863,04/15/2023,07:11:32,18.4176953125,987.4407121514262,47.277310844164774,903
864,864,864,864,864,864,04/15/2023,07:12:02,18.4278515625,987.464144927038,47.296869102794815,904
865,865,865,865,865,865,04/15/2023,07:12:32,18.4165234375,987.4720256186392,47.29555657191418,905
866,866,866,866,866,866,04/15/2023,07:13:02,18.4145703125,987.4554981569776,47.350486236169054,904
867,867,867,867,867,867,04/15/2023,07:13:32,18.3829296875,987.4298118564556,47.316175348496046,906
868,868,868,868,868,868,04/15/2023,07:14:03,18.4145703125,987.4554981569776,47.28920294298715,906
869,869,869,869,869,869,04/15/2023,07:14:33,18.4284375,987.4252125354416,47.21729638202889,907
870,870,870,870,870,870,04/15/2023,07:15:02,18.4442578125,987.4247530502566,47.2191273000766,907
871,871,871,871,871,871,04/15/2023,07:15:32,18.4341015625,987.4079712103476,47.13222533441238,909
872,872,872,872,872,872,04/15/2023,07:16:02,18.3786328125,987.4293609207084,47.21153457149911,910
873,873,873,873,873,873,04/15/2023,07:16:32,18.3645703125,987.4194216909492,47.332432701433376,910
874,874,874,874,874,874,04/15/2023,07:17:02,18.33234375,987.3861149724878,47.41451306374552,910
875,875,875,875,875,875,04/15/2023,07:17:32,18.344453125,987.4327227664686,47.379134322823795,910
876,876,876,876,876,876,04/15/2023,07:18:02,18.3520703125,987.3854668781066,47.33098444354882,912
877,877,877,877,877,877,04/15/2023,07:18:32,18.3368359375,987.3868892018306,47.35986277642887,913
878,878,878,878,878,878,04/15/2023,07:19:02,18.310859375,987.4104519915044,47.52241167032524,913
879,879,879,879,879,879,04/15/2023,07:19:32,18.287421875,987.3717198356962,47.47675329247717,913
880,880,880,880,880,880,04/15/2023,07:20:02,18.2489453125,987.354673170812,47.50295410133318,914
881,881,881,881,881,881,04/15/2023,07:20:32,18.2716015625,987.3921151587716,47.57306966019793,915
882,882,882,882,882,882,04/15/2023,07:21:02,18.2559765625,987.37958965401,47.48537014392134,915
883,883,883,883,883,883,04/15/2023,07:21:33,18.2856640625,987.3954093938676,47.47041646409903,917
884,884,884,884,884,884,04/15/2023,07:22:02,18.30578125,987.3621670589048,47.40530192579712,916
885,885,885,885,885,885,04/15/2023,07:22:32,18.300703125,987.3537754007978,47.374063445144024,917
886,886,886,886,886,886,04/15/2023,07:23:03,18.2628125,987.384238569797,47.455500602946934,918
887,887,887,887,887,887,04/15/2023,07:23:33,18.258515625,987.3771374553304,47.55927713216027,918
888,888,888,888,888,888,04/15/2023,07:24:02,18.3083203125,987.3663628967736,47.54665735683982,916
889,889,889,889,889,889,04/15/2023,07:24:32,18.33625,987.346026151705,47.5192267800694,915
890,890,890,890,890,890,04/15/2023,07:25:02,18.33234375,987.366167691275,47.48810170968048,914
891,891,891,891,891,891,04/15/2023,07:25:32,18.3645703125,987.3396285555784,47.442779244480406,913
892,892,892,892,892,892,04/15/2023,07:26:02,18.3583203125,987.3359505919294,47.46045152038955,912
893,893,893,893,893,893,04/15/2023,07:26:32,18.3809765625,987.3667379266776,47.438551435176066,910
894,894,894,894,894,894,04/15/2023,07:27:02,18.387421875,987.3640887796096,47.41477194086741,909
895,895,895,895,895,895,04/15/2023,07:27:32,18.4473828125,987.3368127144048,47.28687724817386,907
896,896,896,896,896,896,04/15/2023,07:28:02,18.451875,987.3242838583716,47.207759294784616,907
897,897,897,897,897,897,04/15/2023,07:28:32,18.467109375,987.3827065376058,47.19727335647326,906
898,898,898,898,898,898,04/15/2023,07:29:02,18.51515625,987.3357247895776,47.135474236952064,904
899,899,899,899,899,899,04/15/2023,07:29:32,18.558125,987.3268972223498,47.00579151577975,902
900,900,900,900,900,900,04/15/2023,07:30:02,18.620625,987.3835850872548,46.83565235884228,900
901,901,901,901,901,901,04/15/2023,07:30:32,18.6270703125,987.3609719972064,46.76916827813078,901
902,902,902,902,902,902,04/15/2023,07:31:02,18.7008984375,987.363181876824,46.65548851347542,897
903,903,903,903,903,903,04/15/2023,07:31:32,18.692109375,987.395233687525,46.5873175837551,898
904,904,904,904,904,904,04/15/2023,07:32:03,18.7180859375,987.3450010435852,46.56588363124486,896
905,905,905,905,905,905,04/15/2023,07:32:33,18.7356640625,987.393995785304,46.46416599508299,895
906,906,906,906,906,906,04/15/2023,07:33:02,18.7376171875,987.3772621026028,46.42779215505533,895
907,907,907,907,907,907,04/15/2023,07:33:32,18.7673046875,987.4595676246192,46.40069966910881,895
908,908,908,908,908,908,04/15/2023,07:34:02,18.8325390625,987.4675127562114,46.24967391096968,893
909,909,909,909,909,909,04/15/2023,07:34:32,18.8325390625,987.434241319416,46.09132125789711,893
910,910,910,910,910,910,04/15/2023,07:35:02,18.801484375,987.4561422889294,46.14257584769789,894
911,911,911,911,911,911,04/15/2023,07:35:32,18.71359375,987.4506827675629,46.24217824076287,897
912,912,912,912,912,912,04/15/2023,07:36:02,18.646015625,987.4454875540712,46.33805037149567,900
913,913,913,913,913,913,04/15/2023,07:36:32,18.5815625,987.432133252076,46.39164135455248,903
914,914,914,914,914,914,04/15/2023,07:37:02,18.535859375,987.4364406978332,46.55108833092984,906
915,915,915,915,915,915,04/15/2023,07:37:32,18.5118359375,987.4167016498216,46.566642048039746,908
916,916,916,916,916,916,04/15/2023,07:38:02,18.456953125,987.4523808832948,46.517650485125046,912
917,917,917,917,917,917,04/15/2023,07:38:32,18.39875,987.4626046304128,46.72460441368757,915
918,918,918,918,918,918,04/15/2023,07:39:02,18.3614453125,987.4874011768454,46.8424994061136,917
919,919,919,919,919,919,04/15/2023,07:39:32,18.3159375,987.4720355579984,46.935064573473355,919
920,920,920,920,920,920,04/15/2023,07:40:02,18.2981640625,987.4958521256002,47.00028335336757,922
921,921,921,921,921,921,04/15/2023,07:40:32,18.2458203125,987.4625283038686,47.09213239451931,923
922,922,922,922,922,922,04/15/2023,07:41:03,18.2305859375,987.4705896188856,47.16993878813824,925
923,923,923,923,923,923,04/15/2023,07:41:33,18.2128125,987.4545091930048,47.18013100952365,927
924,924,924,924,924,924,04/15/2023,07:42:02,18.21984375,987.4993704408027,47.22380126990395,928
925,925,925,925,925,925,04/15/2023,07:42:32,18.2003125,987.4737354152116,47.25216447656,928
926,926,926,926,926,926,04/15/2023,07:43:02,18.1876171875,987.499285015252,47.21395684637052,929
927,927,927,927,927,927,04/15/2023,07:43:32,18.1876171875,987.5125802748508,47.201711582481344,932
928,928,928,928,928,928,04/15/2023,07:44:02,18.1805859375,987.50095788493,47.274383747365405,933
929,929,929,929,929,929,04/15/2023,07:44:32,18.231171875,987.5313907816442,47.23123343666352,933
930,930,930,930,930,930,04/15/2023,07:45:02,18.23625,987.5397845227536,47.109386691990466,935
931,931,931,931,931,931,04/15/2023,07:45:32,18.2008984375,987.5478293535772,47.1971221849491,936
932,932,932,932,932,932,04/15/2023,07:46:02,18.168671875,987.5477388543238,47.24850965294888,937
933,933,933,933,933,933,04/15/2023,07:46:32,18.188203125,987.5467870195264,47.250765557864256,939
934,934,934,934,934,934,04/15/2023,07:47:02,18.2153515625,987.5318328801538,47.21715915474405,937
935,935,935,935,935,935,04/15/2023,07:47:32,18.2356640625,987.5388160129625,47.12767856373568,937
936,936,936,936,936,936,04/15/2023,07:48:03,18.254609375,987.536889647485,47.01973275045167,939
937,937,937,937,937,937,04/15/2023,07:48:33,18.2458203125,987.5290105960992,47.061540386660134,939
938,938,938,938,938,938,04/15/2023,07:49:02,18.2938671875,987.5751840629316,47.00590465397472,938
939,939,939,939,939,939,04/15/2023,07:49:32,18.29328125,987.5742155790994,46.908005442194,938
940,940,940,940,940,940,04/15/2023,07:50:02,18.248359375,987.5332073883416,46.97620391681615,939
941,941,941,941,941,941,04/15/2023,07:50:32,18.2091015625,987.5414455509398,46.99614716346339,942
942,942,942,942,942,942,04/15/2023,07:51:02,18.1895703125,987.5423993481083,47.128483485074426,943
943,943,943,943,943,943,04/15/2023,07:51:32,18.1895703125,987.5423993481083,47.110125009879184,944
944,944,944,944,944,944,04/15/2023,07:52:02,18.2153515625,987.5717204501392,47.04579582286212,944
945,945,945,945,945,945,04/15/2023,07:52:32,18.233125,987.5878040573766,47.04784275612718,944
946,946,946,946,946,946,04/15/2023,07:53:02,18.1864453125,987.5837671167506,47.04858448620466,947
947,947,947,947,947,947,04/15/2023,07:53:32,18.2008984375,987.6010116303996,47.062483268085174,947
948,948,948,948,948,948,04/15/2023,07:54:02,18.221796875,987.5956706582708,46.997607926574936,946
949,949,949,949,949,949,04/15/2023,07:54:32,18.2274609375,987.5850893988198,46.96768514188723,947
950,950,950,950,950,950,04/15/2023,07:55:02,18.21046875,987.583592762551,46.99018931180536,948
951,951,951,951,951,951,04/15/2023,07:55:32,18.22609375,987.6293657945342,46.95529961481376,947
952,952,952,952,952,952,04/15/2023,07:56:02,18.1661328125,987.603368468589,47.046246202494586,951
953,953,953,953,953,953,04/15/2023,07:56:32,18.1591015625,987.651571057636,47.0760227953001,951
954,954,954,954,954,954,04/15/2023,07:57:03,18.1591015625,987.6382763171556,47.0760227953001,952
955,955,955,955,955,955,04/15/2023,07:57:33,18.1364453125,987.62740931829,47.12236088460323,952
956,956,956,956,956,956,04/15/2023,07:58:02,18.192109375,987.6263688083984,47.02477030028528,952
957,957,957,957,957,957,04/15/2023,07:58:32,18.2344921875,987.6366010224622,46.88291295841587,953
958,958,958,958,958,958,04/15/2023,07:59:02,18.2110546875,987.6643361694972,46.94134328527562,952
959,959,959,959,959,959,04/15/2023,07:59:32,18.231953125,987.678940628546,46.87039900537998,953
960,960,960,960,960,960,04/15/2023,08:00:02,18.235078125,987.6974030826768,46.8340959994527,955
961,961,961,961,961,961,04/15/2023,08:00:32,18.24640625,987.6895374293406,46.83539626950444,954
962,962,962,962,962,962,04/15/2023,08:01:02,18.258515625,987.7029076736712,46.800130726747405,955
963,963,963,963,963,963,04/15/2023,08:01:32,18.233125,987.7141186683176,46.80943502616883,956
964,964,964,964,964,964,04/15/2023,08:02:02,18.1989453125,987.7307386957308,46.78719039781977,957
965,965,965,965,965,965,04/15/2023,08:02:32,18.174921875,987.7309063477982,46.918852924112294,958
966,966,966,966,966,966,04/15/2023,08:03:02,18.1192578125,987.7319336332092,47.01027417521654,958
967,967,967,967,967,967,04/15/2023,08:03:32,18.095234375,987.7520331245807,47.05643766691064,959
968,968,968,968,968,968,04/15/2023,08:04:02,18.056171875,987.7937846394268,47.14983017864141,961
969,969,969,969,969,969,04/15/2023,08:04:33,18.0637890625,987.753209495571,47.193550530444824,962
970,970,970,970,970,970,04/15/2023,08:05:02,18.070625,987.7578667552178,47.14537532462299,962
971,971,971,971,971,971,04/15/2023,08:05:32,18.1067578125,987.717912538726,47.13729863061976,962
972,972,972,972,972,972,04/15/2023,08:06:03,18.1200390625,987.7132844257956,47.03482608363107,963
973,973,973,973,973,973,04/15/2023,08:06:33,18.176875,987.7740210228076,46.94352804409287,962
974,974,974,974,974,974,04/15/2023,08:07:02,18.2059765625,987.78889867481,46.84908538161806,961
975,975,975,975,975,975,04/15/2023,08:07:32,18.1731640625,987.781180434197,46.86364993964315,961
976,976,976,976,976,976,04/15/2023,08:08:02,18.1508984375,987.7776026781264,46.93443059417818,962
977,977,977,977,977,977,04/15/2023,08:08:32,18.13078125,987.817458145944,46.987140150751934,962
978,978,978,978,978,978,04/15/2023,08:09:02,18.115546875,987.79891426945,46.96704762334301,963
979,979,979,979,979,979,04/15/2023,08:09:32,18.1548046875,987.8305930800926,46.92876678021348,964
980,980,980,980,980,980,04/15/2023,08:10:02,18.1731640625,987.8144182072504,46.84532017679042,964
981,981,981,981,981,981,04/15/2023,08:10:32,18.1743359375,987.7831180431128,46.93101050447092,965
982,982,982,982,982,982,04/15/2023,08:11:02,18.114375,987.8302112620094,47.046406793463696,964
983,983,983,983,983,983,04/15/2023,08:11:32,18.099140625,987.8316068491754,47.185383460306305,963
984,984,984,984,984,984,04/15/2023,08:12:02,18.0915234375,987.852244405258,47.190626493185896,961
985,985,985,985,985,985,04/15/2023,08:12:32,18.099140625,987.8581940530984,47.25272949371361,958
986,986,986,986,986,986,04/15/2023,08:13:03,18.1344921875,987.8501830653717,47.20170361103665,957
987,987,987,987,987,987,04/15/2023,08:13:33,18.122578125,987.9035995086462,47.212573465820505,956
988,988,988,988,988,988,04/15/2023,08:14:02,18.1565625,987.9199159303604,47.19812784850502,954
989,989,989,989,989,989,04/15/2023,08:14:32,18.2079296875,987.9117906389656,47.04494118477342,953
990,990,990,990,990,990,04/15/2023,08:15:02,18.238203125,987.8820713777784,46.97503540126571,951
991,991,991,991,991,991,04/15/2023,08:15:32,18.25265625,987.8926725401612,46.84833390019815,951
992,992,992,992,992,992,04/15/2023,08:16:02,18.258515625,987.8624700797558,46.89178463974907,951
993,993,993,993,993,993,04/15/2023,08:16:32,18.295625,987.8506903180728,46.81660798612993,949
994,994,994,994,994,994,04/15/2023,08:17:02,18.3380078125,987.8675693123064,46.70542470329404,947
995,995,995,995,995,995,04/15/2023,08:17:32,18.341328125,987.8996559727544,46.687488696164024,947
996,996,996,996,996,996,04/15/2023,08:18:02,18.3614453125,987.899668662461,46.68979466003792,998
997,997,997,997,997,997,04/15/2023,08:18:32,18.400703125,987.8914243782772,46.541716299550494,944
998,998,998,998,998,998,04/15/2023,08:19:02,18.420234375,987.9104133870024,46.501251384534534,943
999,999,999,999,999,999,04/15/2023,08:19:32,18.4196484375,987.8961444539818,46.47678947295461,942
1000,1000,1000,1000,1000,1000,04/15/2023,08:20:02,18.470234375,987.9398691109589,46.42159502881043,942
1001,1001,1001,1001,1001,1001,04/15/2023,08:20:32,18.5473828125,987.9609867089016,46.217130250327195,941
1002,1002,1002,1002,1002,1002,04/15/2023,08:21:02,18.5378125,987.9518178510216,46.155152172783104,939
1003,1003,1003,1003,1003,1003,04/15/2023,08:21:32,18.514375,987.9529812584672,46.097707320428086,942
1004,1004,1004,1004,1004,1004,04/15/2023,08:22:03,18.4727734375,987.9507172781618,46.19645527994197,944
1005,1005,1005,1005,1005,1005,04/15/2023,08:22:33,18.41515625,987.9552189759484,46.18989966305783,944
1006,1006,1006,1006,1006,1006,04/15/2023,08:23:02,18.371015625,987.9686882653322,46.227498005889,946
1007,1007,1007,1007,1007,1007,04/15/2023,08:23:32,18.37609375,987.9371861832972,46.22807573391428,947
1008,1008,1008,1008,1008,1008,04/15/2023,08:24:02,18.3190625,987.9758785847964,46.30075689067637,949
1009,1009,1009,1009,1009,1009,04/15/2023,08:24:32,18.261640625,987.9474189530353,46.40998166426826,952
1010,1010,1010,1010,1010,1010,04/15/2023,08:25:02,18.1743359375,987.9825456946388,46.58904350955506,955
1011,1011,1011,1011,1011,1011,04/15/2023,08:25:32,18.1200390625,987.9991062860922,46.698778445706566,958
1012,1012,1012,1012,1012,1012,04/15/2023,08:26:02,18.069453125,988.0284357248274,46.86397355955384,959
1013,1013,1013,1013,1013,1013,04/15/2023,08:26:32,18.0844921875,988.006783695786,46.865697890349416,961
1014,1014,1014,1014,1014,1014,04/15/2023,08:27:02,18.1313671875,988.0111944392728,46.81609142191921,962
1015,1015,1015,1015,1015,1015,04/15/2023,08:27:32,18.085859375,988.0156916590604,46.80476888500641,963
1016,1016,1016,1016,1016,1016,04/15/2023,08:28:02,18.04796875,988.0061932105032,46.97762546408914,965
1017,1017,1017,1017,1017,1017,04/15/2023,08:28:32,18.0440625,987.986439699848,46.99551784973006,964
1018,1018,1018,1018,1018,1018,04/15/2023,08:29:02,18.0966015625,987.973637517646,46.98321198469586,965
1019,1019,1019,1019,1019,1019,04/15/2023,08:29:32,18.0813671875,987.9351486287976,46.97534799717376,963
1020,1020,1020,1020,1020,1020,04/15/2023,08:30:02,18.0985546875,987.930339980624,47.04458692727951,962
1021,1021,1021,1021,1021,1021,04/15/2023,08:30:32,18.0878125,987.9325147275846,47.10452249152189,961
1022,1022,1022,1022,1022,1022,04/15/2023,08:31:03,18.0997265625,987.905690723089,47.11813130179939,958
1023,1023,1023,1023,1023,1023,04/15/2023,08:31:33,18.0801953125,987.899977422915,47.1158822614758,958
1024,1024,1024,1024,1024,1024,04/15/2023,08:32:02,18.0579296875,987.9229726440224,47.19899639592005,957
1025,1025,1025,1025,1025,1025,04/15/2023,08:32:32,18.0333203125,987.9354415912148,47.26962845719781,955
1026,1026,1026,1026,1026,1026,04/15/2023,08:33:02,18.022578125,987.9376129946476,47.311259331642674,956
1027,1027,1027,1027,1027,1027,04/15/2023,08:33:32,18.025703125,987.9228433839612,47.354501237600445,955
1028,1028,1028,1028,1028,1028,04/15/2023,08:34:02,18.014375,987.9240455126752,47.377700379771696,953
1029,1029,1029,1029,1029,1029,04/15/2023,08:34:32,18.013203125,987.9088154457434,47.420461880720126,953
1030,1030,1030,1030,1030,1030,04/15/2023,08:35:02,18.032734375,987.9145340931618,47.34306057572161,950
1031,1031,1031,1031,1031,1031,04/15/2023,08:35:32,18.053046875,987.928189861822,47.33315464950781,951
1032,1032,1032,1032,1032,1032,04/15/2023,08:36:02,18.1344921875,987.8967132825786,47.250686704259635,949
1033,1033,1033,1033,1033,1033,04/15/2023,08:36:32,18.16671875,987.9433586857464,47.15644989413836,947
1034,1034,1034,1034,1034,1034,04/15/2023,08:37:02,18.178828125,987.9234981210918,47.07829458255833,947
1035,1035,1035,1035,1035,1035,04/15/2023,08:37:32,18.1864453125,987.9294465544574,47.09752704108456,947
1036,1036,1036,1036,1036,1036,04/15/2023,08:38:03,18.1825390625,987.9096916572664,47.10931469365329,947
1037,1037,1037,1037,1037,1037,04/15/2023,08:38:33,18.1712109375,987.8776642195468,47.12636715800501,946
1038,1038,1038,1038,1038,1038,04/15/2023,08:39:02,18.1497265625,987.875374820048,47.1789742127128,944
1039,1039,1039,1039,1039,1039,04/15/2023,08:39:32,18.158515625,987.8832611955544,47.15550401976327,942
1040,1040,1040,1040,1040,1040,04/15/2023,08:40:02,18.1926953125,987.866656219158,47.14108390287321,942
1041,1041,1041,1041,1041,1041,04/15/2023,08:40:32,18.233125,987.8736748398074,47.06619555416936,942
1042,1042,1042,1042,1042,1042,04/15/2023,08:41:02,18.264765625,987.8462098191676,46.99032229310158,940
1043,1043,1043,1043,1043,1043,04/15/2023,08:41:32,18.2520703125,987.8385166092696,47.00109215524969,939
1044,1044,1044,1044,1044,1044,04/15/2023,08:42:02,18.23,987.8685077512256,47.035248789831385,939
1045,1045,1045,1045,1045,1045,04/15/2023,08:42:32,18.224921875,987.853463146328,47.11420010473715,938
1046,1046,1046,1046,1046,1046,04/15/2023,08:43:02,18.2141796875,987.8822374737994,47.10072317327244,939
1047,1047,1047,1047,1047,1047,04/15/2023,08:43:32,18.2141796875,987.9021814824628,47.16804553188026,937
1048,1048,1048,1048,1048,1048,04/15/2023,08:44:02,18.21671875,987.8997319186312,47.15609606108555,935
1049,1049,1049,1049,1049,1049,04/15/2023,08:44:32,18.211640625,987.924574946199,47.12490821236841,937
1050,1050,1050,1050,1050,1050,04/15/2023,08:45:02,18.228046875,987.885222751402,47.145161203383694,935
1051,1051,1051,1051,1051,1051,04/15/2023,08:45:32,18.2243359375,987.9256235057336,47.17533914646344,934
1052,1052,1052,1052,1052,1052,04/15/2023,08:46:02,18.214765625,987.9164463860448,47.192600570773415,933
1053,1053,1053,1053,1053,1053,04/15/2023,08:46:32,18.254609375,987.8959019678432,47.17271170809208,933
1054,1054,1054,1054,1054,1054,04/15/2023,08:47:03,18.27609375,987.9114799499558,47.13846332712269,932
1055,1055,1055,1055,1055,1055,04/15/2023,08:47:33,18.2805859375,987.8856641282064,47.102260396158776,932
1056,1056,1056,1056,1056,1056,04/15/2023,08:48:02,18.2868359375,987.9292417282142,47.07238578972009,931
1057,1057,1057,1057,1057,1057,04/15/2023,08:48:32,18.295625,987.8972322028304,47.05504412280288,932
1058,1058,1058,1058,1058,1058,04/15/2023,08:49:02,18.2969921875,987.8728972765348,47.0735567413831,930
1059,1059,1059,1059,1059,1059,04/15/2023,08:49:32,18.3128125,987.8658088936244,47.032554357810525,929
1060,1060,1060,1060,1060,1060,04/15/2023,08:50:02,18.3159375,987.8709755119668,47.03291448960537,930
1061,1061,1061,1061,1061,1061,04/15/2023,08:50:32,18.3419140625,987.9272220343152,46.99309026164661,928
1062,1062,1062,1062,1062,1062,04/15/2023,08:51:02,18.33546875,987.8567222978538,46.94342626072576,928
1063,1063,1063,1063,1063,1063,04/15/2023,08:51:32,18.353828125,987.8538280946632,47.0128126459602,928
1064,1064,1064,1064,1064,1064,04/15/2023,08:52:02,18.3481640625,987.857762898159,47.03662911073888,928
1065,1065,1065,1065,1065,1065,04/15/2023,08:52:32,18.3520703125,987.8442726192756,47.0003766722073,925
1066,1066,1066,1066,1066,1066,04/15/2023,08:53:02,18.3676953125,987.870104172488,47.00217718864837,925
1067,1067,1067,1067,1067,1067,04/15/2023,08:53:32,18.34953125,987.8600231894716,47.02455165491729,926
1068,1068,1068,1068,1068,1068,04/15/2023,08:54:02,18.367109375,987.8691354852282,47.03881350603065,924
1069,1069,1069,1069,1069,1069,04/15/2023,08:54:33,18.384296875,987.8510021355684,47.0285597530216,924
1070,1070,1070,1070,1070,1070,04/15/2023,08:55:02,18.38234375,987.8411235667136,46.99163224418745,923
1071,1071,1071,1071,1071,1071,04/15/2023,08:55:32,18.3665234375,987.8349189565628,47.020393057959566,923
1072,1072,1072,1072,1072,1072,04/15/2023,08:56:02,18.3950390625,987.8421613530832,46.99921200776638,922
1073,1073,1073,1073,1073,1073,04/15/2023,08:56:32,18.3880078125,987.8305377841278,47.0045183477603,922
1074,1074,1074,1074,1074,1074,04/15/2023,08:57:02,18.3716015625,987.8433139804896,46.99039439449925,923
1075,1075,1075,1075,1075,1075,04/15/2023,08:57:32,18.3930859375,987.8588821067386,47.041809384904944,921
1076,1076,1076,1076,1076,1076,04/15/2023,08:58:02,18.44171875,987.8395258374532,46.980126676224074,919
1077,1077,1077,1077,1077,1077,04/15/2023,08:58:32,18.54171875,987.8318986731836,46.8204543783789,917
1078,1078,1078,1078,1078,1078,04/15/2023,08:59:02,18.5739453125,987.8452547472122,46.68364861972718,917
1079,1079,1079,1079,1079,1079,04/15/2023,08:59:32,18.60421875,987.8686836238298,46.58333544560307,916
1080,1080,1080,1080,1080,1080,04/15/2023,09:00:02,18.6231640625,987.853431110909,46.56719859679602,915
1081,1081,1081,1081,1081,1081,04/15/2023,09:00:32,18.6516796875,987.887255566846,46.50944654994841,913
1082,1082,1082,1082,1082,1082,04/15/2023,09:01:02,18.733125,987.895453132426,46.42117877528001,911
1083,1083,1083,1083,1083,1083,04/15/2023,09:01:32,18.795234375,987.8849797205128,46.27587755278459,910
1084,1084,1084,1084,1084,1084,04/15/2023,09:02:02,18.863984375,987.9120792269866,46.16797886093635,908
1085,1085,1085,1085,1085,1085,04/15/2023,09:02:32,18.98234375,987.8747054285736,45.95624744813017,906
1086,1086,1086,1086,1086,1086,04/15/2023,09:03:03,19.06125,987.9451618283342,45.69163989403817,903
1087,1087,1087,1087,1087,1087,04/15/2023,09:03:33,19.0758984375,987.9427351728032,45.64470721686994,903
1088,1088,1088,1088,1088,1088,04/15/2023,09:04:02,19.146015625,987.9520545729353,45.55550034524095,901
1089,1089,1089,1089,1089,1089,04/15/2023,09:04:32,19.2344921875,987.9583892388306,45.40166828564307,900
1090,1090,1090,1090,1090,1090,04/15/2023,09:05:02,19.344453125,987.940239868439,45.16553551911221,897
1091,1091,1091,1091,1091,1091,04/15/2023,09:05:32,19.411640625,987.9246614908418,44.96722771442089,895
1092,1092,1092,1092,1092,1092,04/15/2023,09:06:02,19.51515625,987.9224198719284,44.80342789964978,893
1093,1093,1093,1093,1093,1093,04/15/2023,09:06:32,19.5930859375,987.9644961982348,44.62480582842225,891
1094,1094,1094,1094,1094,1094,04/15/2023,09:07:02,19.6821484375,987.9383164299418,44.42948208374234,889
1095,1095,1095,1095,1095,1095,04/15/2023,09:07:32,19.73078125,987.9119910973012,44.29013422799008,887
1096,1096,1096,1096,1096,1096,04/15/2023,09:08:02,19.735859375,987.9270382218042,44.23041167519937,886
1097,1097,1097,1097,1097,1097,04/15/2023,09:08:32,19.7794140625,987.9389651659887,44.17498956939632,885
1098,1098,1098,1098,1098,1098,04/15/2023,09:09:02,19.7466015625,987.8981253927352,44.177365451080945,884
1099,1099,1099,1099,1099,1099,04/15/2023,09:09:32,19.6075390625,987.8950873293676,44.39702189654511,886
1100,1100,1100,1100,1100,1100,04/15/2023,09:10:02,19.453828125,987.8677775260664,44.69984028367648,888
1101,1101,1101,1101,1101,1101,04/15/2023,09:10:32,19.314765625,987.9045268819344,45.01685849614765,890
1102,1102,1102,1102,1102,1102,04/15/2023,09:11:02,19.1954296875,987.9071814534946,45.34873378050613,891
1103,1103,1103,1103,1103,1103,04/15/2023,09:11:32,19.1548046875,987.8933387895148,45.495797512103806,891
1104,1104,1104,1104,1104,1104,04/15/2023,09:12:03,19.0903515625,987.8867282240528,45.658494213089085,891
1105,1105,1105,1105,1105,1105,04/15/2023,09:12:33,19.056953125,987.8781523476024,45.80053829254076,893
1106,1106,1106,1106,1106,1106,04/15/2023,09:13:02,18.9962109375,987.8909600468456,45.91524359077212,893
1107,1107,1107,1107,1107,1107,04/15/2023,09:13:32,18.98234375,987.901329223733,45.99884055536941,892
1108,1108,1108,1108,1108,1108,04/15/2023,09:14:02,18.973359375,987.9463881367816,46.07694491771262,893
1109,1109,1109,1109,1109,1109,04/15/2023,09:14:32,18.93859375,987.9555012368714,46.11559784214381,893
1110,1110,1110,1110,1110,1110,04/15/2023,09:15:02,18.89953125,987.95750782625,46.25124092668627,895
1111,1111,1111,1111,1111,1111,04/15/2023,09:15:32,18.863984375,987.9520076390164,46.36299091268705,896
1112,1112,1112,1112,1112,1112,04/15/2023,09:16:02,18.8596875,987.9914900421406,46.435685116215936,896
1113,1113,1113,1113,1113,1113,04/15/2023,09:16:32,18.84953125,988.007979353172,46.477226016248984,895
1114,1114,1114,1114,1114,1114,04/15/2023,09:17:02,18.833125,987.9609032683568,46.51195553355168,894
1115,1115,1115,1115,1115,1115,04/15/2023,09:17:32,18.81984375,987.938955412584,46.57146707053465,895
1116,1116,1116,1116,1116,1116,04/15/2023,09:18:02,18.8184765625,987.9433503500488,46.58351981229718,893
1117,1117,1117,1117,1117,1117,04/15/2023,09:18:32,18.8305859375,987.9500529472268,46.578806590360585,893
1118,1118,1118,1118,1118,1118,04/15/2023,09:19:02,18.801484375,987.9685028049,46.636520257667854,893
1119,1119,1119,1119,1119,1119,04/15/2023,09:19:32,18.8040234375,987.906157741888,46.697892602371226,893
1120,1120,1120,1120,1120,1120,04/15/2023,09:20:02,18.801484375,987.9485405186308,46.71592849493972,893
1121,1121,1121,1121,1121,1121,04/15/2023,09:20:32,18.78703125,987.9579252817192,46.732593672125496,893
1122,1122,1122,1122,1122,1122,04/15/2023,09:21:03,18.8071484375,987.9712091972658,46.741021866150454,893
1123,1123,1123,1123,1123,1123,04/15/2023,09:21:33,18.798359375,988.0032627921064,46.78278853458427,892
1124,1124,1124,1124,1124,1124,04/15/2023,09:22:02,18.801484375,987.9485405186308,46.77092501213876,893
1125,1125,1125,1125,1125,1125,04/15/2023,09:22:32,18.79953125,987.9519668851134,46.79514832725087,892
1126,1126,1126,1126,1126,1126,04/15/2023,09:23:02,18.8110546875,987.9909731261776,46.84538586788144,892
1127,1127,1127,1127,1127,1127,04/15/2023,09:23:32,18.8128125,987.9872239348282,46.79668012601919,891
1128,1128,1128,1128,1128,1128,04/15/2023,09:24:02,18.814765625,987.9771432490028,46.78468037994955,891
1129,1129,1129,1129,1129,1129,04/15/2023,09:24:32,18.833125,987.9609032683568,46.792910489369895,890
1130,1130,1130,1130,1130,1130,04/15/2023,09:25:02,18.844453125,987.9596599956074,46.77587976998578,890
1131,1131,1131,1131,1131,1131,04/15/2023,09:25:32,18.839375,987.9645772363248,46.76918203927752,889
1132,1132,1132,1132,1132,1132,04/15/2023,09:26:02,18.854609375,987.963134237313,46.77705125173836,889
1133,1133,1133,1133,1133,1133,04/15/2023,09:26:32,18.8337109375,987.9685259903396,46.79909092956901,919
1134,1134,1134,1134,1134,1134,04/15/2023,09:27:02,18.8286328125,987.926862224529,46.908572518824855,887
1135,1135,1135,1135,1135,1135,04/15/2023,09:27:32,18.851484375,987.9313516923936,46.862284237501584,887
1136,1136,1136,1136,1136,1136,04/15/2023,09:28:03,18.8065625,987.9236618543234,46.93660756397547,889
1137,1137,1137,1137,1137,1137,04/15/2023,09:28:33,18.76046875,987.947296009172,46.99858167454178,890
1138,1138,1138,1138,1138,1138,04/15/2023,09:29:02,18.7520703125,987.9267627269968,47.02821002128962,893
1139,1139,1139,1139,1139,1139,04/15/2023,09:29:32,18.7837109375,987.9391302312356,47.01351054030327,894
1140,1140,1140,1140,1140,1140,04/15/2023,09:30:02,18.7837109375,987.919168519104,47.01351054030327,895
1141,1141,1141,1141,1141,1141,04/15/2023,09:30:32,18.7774609375,987.90883997172,47.03726958723159,897
1142,1142,1142,1142,1142,1142,04/15/2023,09:31:02,18.7565625,987.9075722148882,47.03485053757272,900
1143,1143,1143,1143,1143,1143,04/15/2023,09:31:32,18.7641796875,987.9001993115318,47.04185314947169,950
1144,1144,1144,1144,1144,1144,04/15/2023,09:32:02,18.7426953125,987.92457623245,47.09446268290048,902
1145,1145,1145,1145,1145,1145,04/15/2023,09:32:32,18.738203125,987.9038453630452,47.13068267513739,903
1146,1146,1146,1146,1146,1146,04/15/2023,09:33:02,18.7395703125,987.9194117000854,47.124717184370965,906
1147,1147,1147,1147,1147,1147,04/15/2023,09:33:32,18.7596875,987.9127365933792,47.09643120753507,907
1148,1148,1148,1148,1148,1148,04/15/2023,09:34:02,18.73390625,987.9433179483044,47.11181367055923,906
1149,1149,1149,1149,1149,1149,04/15/2023,09:34:32,18.7192578125,987.9257618425067,47.17748467607628,908
1150,1150,1150,1150,1150,1150,04/15/2023,09:35:03,18.685078125,987.9690669820852,47.240911652913034,909
1151,1151,1151,1151,1151,1151,04/15/2023,09:35:33,18.659296875,987.9597184713348,47.31759294312212,912
1152,1152,1152,1152,1152,1152,04/15/2023,09:36:02,18.649140625,987.9695417716862,47.32254323835019,912
1153,1153,1153,1153,1153,1153,04/15/2023,09:36:32,18.66046875,987.9882659754412,47.3054692949672,911
1154,1154,1154,1154,1154,1154,04/15/2023,09:37:02,18.6466015625,987.9919549758336,47.33450905283135,914
1155,1155,1155,1155,1155,1155,04/15/2023,09:37:32,18.63390625,988.0042324203204,47.4004823002946,916
1156,1156,1156,1156,1156,1156,04/15/2023,09:38:02,18.658515625,988.004995532812,47.378813973991114,915
1157,1157,1157,1157,1157,1157,04/15/2023,09:38:32,18.63703125,988.0360076073244,47.35178960387477,915
1158,1158,1158,1158,1158,1158,04/15/2023,09:39:02,18.6680859375,988.0474255775978,47.3124839375189,914
1159,1159,1159,1159,1159,1159,04/15/2023,09:39:32,18.6333203125,988.0298733630258,47.28392942717676,918
1160,1160,1160,1160,1160,1160,04/15/2023,09:40:02,18.5915234375,988.0605623102304,47.36489528865448,919
1161,1161,1161,1161,1161,1161,04/15/2023,09:40:32,18.57453125,988.0125166967056,47.39971157771491,920
1162,1162,1162,1162,1162,1162,04/15/2023,09:41:02,18.55421875,988.0254992992952,47.47708712597521,920
1163,1163,1163,1163,1163,1163,04/15/2023,09:41:32,18.5378125,988.044937138554,47.493583651160506,921
1164,1164,1164,1164,1164,1164,04/15/2023,09:42:02,18.5555859375,988.0410626056292,47.56929560671433,921
1165,1165,1165,1165,1165,1165,04/15/2023,09:42:32,18.5516796875,988.0346049121104,47.55656440816786,920
1166,1166,1166,1166,1166,1166,04/15/2023,09:43:02,18.5505078125,988.0326676067564,47.55029022144405,921
1167,1167,1167,1167,1167,1167,04/15/2023,09:43:32,18.5309765625,988.0269846112222,47.53574102994764,924
1168,1168,1168,1168,1168,1168,04/15/2023,09:44:03,18.5524609375,988.0225933755304,47.49528843848752,924
1169,1169,1169,1169,1169,1169,04/15/2023,09:44:33,18.549921875,988.011744427837,47.55022196436888,927
1170,1170,1170,1170,1170,1170,04/15/2023,09:45:02,18.6262890625,988.0781213698727,47.3873313619512,926
1171,1171,1171,1171,1171,1171,04/15/2023,09:45:32,18.7376171875,988.055906146456,47.2653963552679,923
1172,1172,1172,1172,1172,1172,04/15/2023,09:46:02,18.785078125,988.05450655721,47.05039408862616,922
1173,1173,1173,1173,1173,1173,04/15/2023,09:46:32,18.8091015625,988.0742498241992,46.97973020745712,922
1174,1174,1174,1174,1174,1174,04/15/2023,09:47:02,18.81984375,988.078695674856,46.88920759111715,920
1175,1175,1175,1175,1175,1175,04/15/2023,09:47:32,18.80265625,988.096867875468,46.94839163560265,920
1176,1176,1176,1176,1176,1176,04/15/2023,09:48:02,18.81984375,988.05873273444,46.9136735871589,917
1177,1177,1177,1177,1177,1177,04/15/2023,09:48:32,18.8235546875,988.1114464245584,46.859058515908515,916
1178,1178,1178,1178,1178,1178,04/15/2023,09:49:02,18.84640625,988.0893245631784,46.82500988150046,914
1179,1179,1179,1179,1179,1179,04/15/2023,09:49:32,18.8274609375,988.104593918116,46.82893701710828,912
1180,1180,1180,1180,1180,1180,04/15/2023,09:50:02,18.83625,988.0925024830764,46.81772380756612,911
1181,1181,1181,1181,1181,1181,04/15/2023,09:50:32,18.837421875,988.1277118400368,46.768956806044585,911
1182,1182,1182,1182,1182,1182,04/15/2023,09:51:03,18.884296875,988.1253283693824,46.6765923464255,909
1183,1183,1183,1183,1183,1183,04/15/2023,09:51:33,18.9676953125,988.1167370238504,46.57015403772047,909
1184,1184,1184,1184,1184,1184,04/15/2023,09:52:02,18.9911328125,988.1088765279476,46.40806667900377,906
1185,1185,1185,1185,1185,1185,04/15/2023,09:52:32,19.0221875,988.1136001656952,46.3262455611956,906
1186,1186,1186,1186,1186,1186,04/15/2023,09:53:02,19.106171875,988.0992663743608,46.23223737276816,904
1187,1187,1187,1187,1187,1187,04/15/2023,09:53:32,19.2231640625,988.1061389895782,45.94719969804856,902
1188,1188,1188,1188,1188,1188,04/15/2023,09:54:02,19.2977734375,988.12951383982,45.74283004420746,901
1189,1189,1189,1189,1189,1189,04/15/2023,09:54:32,19.354609375,988.1035304987812,45.597384289497775,898
1190,1190,1190,1190,1190,1190,04/15/2023,09:55:02,19.4430859375,988.0964863514782,45.407083786913,896
1191,1191,1191,1191,1191,1191,04/15/2023,09:55:32,19.5253125,988.1323772642552,45.19200995733957,894
1192,1192,1192,1192,1192,1192,04/15/2023,09:56:02,19.4305859375,988.122464823072,45.151016297968205,896
1193,1193,1193,1193,1193,1193,04/15/2023,09:56:32,19.33,988.1161564150436,45.351815483724664,899
1194,1194,1194,1194,1194,1194,04/15/2023,09:57:02,19.1618359375,988.0980307453284,45.61194128703111,902
1195,1195,1195,1195,1195,1195,04/15/2023,09:57:32,19.039765625,988.0893946857972,45.920203258125696,906
1196,1196,1196,1196,1196,1196,04/15/2023,09:58:02,18.9645703125,988.0982611250984,46.14292432590257,909
1197,1197,1197,1197,1197,1197,04/15/2023,09:58:32,18.88625,988.0952812933288,46.29847866566981,912
1198,1198,1198,1198,1198,1198,04/15/2023,09:59:02,18.8192578125,988.1043445106768,46.44934895037653,915
1199,1199,1199,1199,1199,1199,04/15/2023,09:59:32,18.7844921875,988.120077650674,46.55519714011407,920
1200,1200,1200,1200,1200,1200,04/15/2023,10:00:03,18.724921875,988.1214158155698,46.621611703711494,924
1201,1201,1201,1201,1201,1201,04/15/2023,10:00:33,18.681953125,988.13687684189,46.714387861001825,928
1202,1202,1202,1202,1202,1202,04/15/2023,10:01:02,18.6471875,988.1126689056412,46.84482605762291,932
1203,1203,1203,1203,1203,1203,04/15/2023,10:01:32,18.614375,988.1182959570714,46.914414105297816,936
1204,1204,1204,1204,1204,1204,04/15/2023,10:02:02,18.59484375,988.1126151904784,46.90604636061326,938
1205,1205,1205,1205,1205,1205,04/15/2023,10:02:32,18.6231640625,988.146130596327,46.95824183362696,938
1206,1206,1206,1206,1206,1206,04/15/2023,10:03:02,18.5954296875,988.120235876843,46.924459785632635,941
1207,1207,1207,1207,1207,1207,04/15/2023,10:03:32,18.54796875,988.0949851050328,47.04745103654822,944
1208,1208,1208,1208,1208,1208,04/15/2023,10:04:02,18.5227734375,988.0932381341376,47.14860096239176,944
1209,1209,1209,1209,1209,1209,04/15/2023,10:04:32,18.499921875,988.082061582782,47.225572085190024,944
1210,1210,1210,1210,1210,1210,04/15/2023,10:05:02,18.492890625,988.0504837995984,47.27989643396475,945
1211,1211,1211,1211,1211,1211,04/15/2023,10:05:32,18.4878125,988.0420881605164,47.29156314563632,946
1212,1212,1212,1212,1212,1212,04/15/2023,10:06:02,18.506953125,988.0537801587016,47.238638295196935,946
1213,1213,1213,1213,1213,1213,04/15/2023,10:06:32,18.4962109375,988.029369434202,47.22514230370173,947
1214,1214,1214,1214,1214,1214,04/15/2023,10:07:02,18.496796875,987.990432401236,47.23746176207385,947
1215,1215,1215,1215,1215,1215,04/15/2023,10:07:32,18.493671875,988.0052189374208,47.20034781747461,949
1216,1216,1216,1216,1216,1216,04/15/2023,10:08:02,18.4829296875,987.9941105692463,47.18073169476571,949
1217,1217,1217,1217,1217,1217,04/15/2023,10:08:32,18.503046875,987.9741608159794,47.244311965890134,951
1218,1218,1218,1218,1218,1218,04/15/2023,10:09:02,18.4758984375,987.9691848994448,47.22279014240296,953
1219,1219,1219,1219,1219,1219,04/15/2023,10:09:33,18.453046875,987.9314070294372,47.269152166722634,953
1220,1220,1220,1220,1220,1220,04/15/2023,10:10:02,18.4315625,987.949091880706,47.37084667177923,953
1221,1221,1221,1221,1221,1221,04/15/2023,10:10:32,18.3993359375,987.9224137489008,47.41002314670482,956
1222,1222,1222,1222,1222,1222,04/15/2023,10:11:03,18.423359375,987.9355301637244,47.38215580128667,957
1223,1223,1223,1223,1223,1223,04/15/2023,10:11:33,18.40890625,987.9249359065404,47.3253137854926,958
1224,1224,1224,1224,1224,1224,04/15/2023,10:12:02,18.38234375,987.8876717135828,47.38352814615429,961
1225,1225,1225,1225,1225,1225,04/15/2023,10:12:32,18.3633984375,987.8962481890344,47.50397724806819,961
1226,1226,1226,1226,1226,1226,04/15/2023,10:13:02,18.3628125,987.8753308568588,47.48550668669105,960
1227,1227,1227,1227,1227,1227,04/15/2023,10:13:32,18.3684765625,987.8846949465832,47.504567311847666,960
1228,1228,1228,1228,1228,1228,04/15/2023,10:14:02,18.354609375,987.914964759422,47.58272158331309,958
1229,1229,1229,1229,1229,1229,04/15/2023,10:14:32,18.354609375,987.9083152990116,47.48455387336247,959
1230,1230,1230,1230,1230,1230,04/15/2023,10:15:02,18.363984375,987.8972169058522,47.46110916996605,961
1231,1231,1231,1231,1231,1231,04/15/2023,10:15:32,18.3721875,987.9307279078356,47.43753117150906,963
1232,1232,1232,1232,1232,1232,04/15/2023,10:16:02,18.347578125,987.9232880241713,47.41014909013994,967
1233,1233,1233,1233,1233,1233,04/15/2023,10:16:32,18.33625,987.9444543909066,47.43336050888653,970
1234,1234,1234,1234,1234,1234,04/15/2023,10:17:02,18.3469921875,987.9156698821604,47.37329886240401,971
1235,1235,1235,1235,1235,1235,04/15/2023,10:17:32,18.3317578125,987.903780875162,47.38992255984364,973
1236,1236,1236,1236,1236,1236,04/15/2023,10:18:03,18.3190625,987.9293348627692,47.529499627330765,974
1237,1237,1237,1237,1237,1237,04/15/2023,10:18:33,18.334296875,987.914628073292,47.414739606968496,974
1238,1238,1238,1238,1238,1238,04/15/2023,10:19:02,18.3266796875,987.9219816799576,47.32804331635828,980
1239,1239,1239,1239,1239,1239,04/15/2023,10:19:32,18.3653515625,987.9393746873886,47.271250032466675,982
1240,1240,1240,1240,1240,1240,04/15/2023,10:20:02,18.4114453125,987.93578364921,47.19083361756525,982
1241,1241,1241,1241,1241,1241,04/15/2023,10:20:32,18.4145703125,987.9010495791076,47.19731889523736,982
1242,1242,1242,1242,1242,1242,04/15/2023,10:21:02,18.3860546875,987.927055676624,47.24301715524854,983
1243,1243,1243,1243,1243,1243,04/15/2023,10:21:32,18.3716015625,987.9031606180794,47.1984736023771,987
1244,1244,1244,1244,1244,1244,04/15/2023,10:22:02,18.347578125,987.9166386343728,47.28144538604377,988
1245,1245,1245,1245,1245,1245,04/15/2023,10:22:32,18.3690625,987.8856636471884,47.30844115335064,987
1246,1246,1246,1246,1246,1246,04/15/2023,10:23:02,18.389375,987.8726967492064,47.21277703364162,989
1247,1247,1247,1247,1247,1247,04/15/2023,10:23:32,18.371015625,987.842345322684,47.16166771582887,991
1248,1248,1248,1248,1248,1248,04/15/2023,10:24:02,18.360859375,987.8588028405862,47.215603305622494,991
1249,1249,1249,1249,1249,1249,04/15/2023,10:24:32,18.3065625,987.8288799007768,47.3012045002522,993
1250,1250,1250,1250,1250,1250,04/15/2023,10:25:02,18.257734375,987.827936149634,47.454911617399894,995
1251,1251,1251,1251,1251,1251,04/15/2023,10:25:32,18.274921875,987.829758802589,47.45690524727086,996
1252,1252,1252,1252,1252,1252,04/15/2023,10:26:02,18.2786328125,987.815948236333,47.48186627923183,994
1253,1253,1253,1253,1253,1253,04/15/2023,10:26:32,18.264765625,987.7664277681477,47.602958841477744,992
1254,1254,1254,1254,1254,1254,04/15/2023,10:27:03,18.26671875,987.7630082406048,47.48048367462535,994
1255,1255,1255,1255,1255,1255,04/15/2023,10:27:33,18.258515625,987.7693918910296,47.4795318286632,996
1256,1256,1256,1256,1256,1256,04/15/2023,10:28:02,18.29328125,987.76702975409,47.379332886503896,997
1257,1257,1257,1257,1257,1257,04/15/2023,10:28:32,18.2899609375,987.7748381587484,47.464782439055874,995
1258,1258,1258,1258,1258,1258,04/15/2023,10:29:02,18.2907421875,987.7628322018054,47.305500332123174,1000
1259,1259,1259,1259,1259,1259,04/15/2023,10:29:32,18.3159375,987.7512928857744,47.27165758264973,1001
1260,1260,1260,1260,1260,1260,04/15/2023,10:30:02,18.3255078125,987.7538156136504,47.266639044474424,1001
1261,1261,1261,1261,1261,1261,04/15/2023,10:30:32,18.29328125,987.76702975409,47.25678584880976,1002
1262,1262,1262,1262,1262,1262,04/15/2023,10:31:02,18.27921875,987.7703764109704,47.48806746744635,1001
1263,1263,1263,1263,1263,1263,04/15/2023,10:31:32,18.3809765625,987.7590669429338,47.36497954409447,998
1264,1264,1264,1264,1264,1264,04/15/2023,10:32:02,18.4380078125,987.760238259695,47.24290526008692,995
1265,1265,1265,1265,1265,1265,04/15/2023,10:32:32,18.4575390625,987.7459686927538,47.171670618884015,991
1266,1266,1266,1266,1266,1266,04/15/2023,10:33:02,18.423359375,987.782576525417,47.19221159847976,991
1267,1267,1267,1267,1267,1267,04/15/2023,10:33:32,18.4493359375,987.7723124478272,47.20134097222984,989
1268,1268,1268,1268,1268,1268,04/15/2023,10:34:02,18.479609375,987.7691467656786,47.1191198599911,986
1269,1269,1269,1269,1269,1269,04/15/2023,10:34:33,18.4829296875,987.7812855542408,47.08889783167599,985
1270,1270,1270,1270,1270,1270,04/15/2023,10:35:02,18.5024609375,987.800266598585,47.09727563924068,982
1271,1271,1271,1271,1271,1271,04/15/2023,10:35:32,18.52140625,987.785022886704,47.02602571675493,978
1272,1272,1272,1272,1272,1272,04/15/2023,10:36:03,18.55421875,987.7926959363105,46.95028567478069,975
1273,1273,1273,1273,1273,1273,04/15/2023,10:36:33,18.582734375,987.773308188402,46.91076501321514,973
1274,1274,1274,1274,1274,1274,04/15/2023,10:37:02,18.63078125,987.8128020377844,46.806261437035275,971
1275,1275,1275,1275,1275,1275,04/15/2023,10:37:32,18.6251171875,987.803441232438,46.76894350285104,970
1276,1276,1276,1276,1276,1276,04/15/2023,10:38:02,18.6661328125,987.8047003881752,46.68813540706565,967
1277,1277,1277,1277,1277,1277,04/15/2023,10:38:32,18.77609375,987.7535432071908,46.51761390060628,965
1278,1278,1278,1278,1278,1278,04/15/2023,10:39:02,18.8766796875,987.7533764574748,46.224254557727555,964
1279,1279,1279,1279,1279,1279,04/15/2023,10:39:32,18.9380078125,987.7881459158378,46.02421552178392,961
1280,1280,1280,1280,1280,1280,04/15/2023,10:40:02,18.9450390625,987.7531734207912,45.958082676611,961
1281,1281,1281,1281,1281,1281,04/15/2023,10:40:32,18.95890625,987.7760823233084,45.92924506211384,959
1282,1282,1282,1282,1282,1282,04/15/2023,10:41:02,19.01203125,987.7773165037212,45.862308509042485,958
1283,1283,1283,1283,1283,1283,04/15/2023,10:41:32,19.0852734375,987.7984552884824,45.64577043973678,958
1284,1284,1284,1284,1284,1284,04/15/2023,10:42:02,19.0934765625,987.7986914184,45.51920067397582,956
1285,1285,1285,1285,1285,1285,04/15/2023,10:42:32,19.06203125,987.7933468666782,45.46709912366179,958
1286,1286,1286,1286,1286,1286,04/15/2023,10:43:03,18.95578125,987.7842310301792,45.65538488734459,960
1287,1287,1287,1287,1287,1287,04/15/2023,10:43:33,18.87921875,987.7575713406932,45.841132305351294,963
1288,1288,1288,1288,1288,1288,04/15/2023,10:44:02,18.8425,987.783415475434,45.98899635853574,962
1289,1289,1289,1289,1289,1289,04/15/2023,10:44:32,18.7641796875,987.7604720991188,46.08961781553422,965
1290,1290,1290,1290,1290,1290,04/15/2023,10:45:02,18.68703125,987.7793613434724,46.25742257195721,966
1291,1291,1291,1291,1291,1291,04/15/2023,10:45:32,18.6175,987.7842004606796,46.401847283925434,968
1292,1292,1292,1292,1292,1292,04/15/2023,10:46:02,18.5403515625,987.769776728294,46.56380720807457,971
1293,1293,1293,1293,1293,1293,04/15/2023,10:46:32,18.4860546875,987.7798000188544,46.74073562736159,973
1294,1294,1294,1294,1294,1294,04/15/2023,10:47:02,18.4284375,987.737769116618,46.86853800221707,973
1295,1295,1295,1295,1295,1295,04/15/2023,10:47:32,18.3981640625,987.767528785306,46.96899096861605,975
1296,1296,1296,1296,1296,1296,04/15/2023,10:48:02,18.3778515625,987.7804999056884,47.02781655664333,977
1297,1297,1297,1297,1297,1297,04/15/2023,10:48:32,18.344453125,987.7984331639844,47.066792507719114,980
1298,1298,1298,1298,1298,1298,04/15/2023,10:49:02,18.3305859375,987.782157867614,47.06519318501513,981
1299,1299,1299,1299,1299,1299,04/15/2023,10:49:32,18.3071484375,987.7700081432744,47.12980576523843,983
1300,1300,1300,1300,1300,1300,04/15/2023,10:50:02,18.2989453125,987.7963401039104,47.1655868780449,985
1301,1301,1301,1301,1301,1301,04/15/2023,10:50:32,18.2805859375,987.805879992932,47.23081946025121,987
1302,1302,1302,1302,1302,1302,04/15/2023,10:51:02,18.2704296875,987.82898033395,47.2296456557069,989
1303,1303,1303,1303,1303,1303,04/15/2023,10:51:32,18.254609375,987.8094726247438,47.209446943195694,991
1304,1304,1304,1304,1304,1304,04/15/2023,10:52:03,18.2325390625,987.792927878073,47.329400250156695,993
1305,1305,1305,1305,1305,1305,04/15/2023,10:52:33,18.2294140625,987.8210018853212,47.35354944413253,992
1306,1306,1306,1306,1306,1306,04/15/2023,10:53:02,18.224921875,987.8468150430429,47.38980187934786,991
1307,1307,1307,1307,1307,1307,04/15/2023,10:53:32,18.2212109375,987.8273831124476,47.383242845249875,991
1308,1308,1308,1308,1308,1308,04/15/2023,10:54:02,18.2204296875,987.826091381608,47.3892816040384,990
1309,1309,1309,1309,1309,1309,04/15/2023,10:54:32,18.2192578125,987.844097908258,47.40753484361226,990
1310,1310,1310,1310,1310,1310,04/15/2023,10:55:02,18.205390625,987.8610567394852,47.40592848589488,990
1311,1311,1311,1311,1311,1311,04/15/2023,10:55:32,18.1926953125,987.8533606742236,47.398328541825066,991
1312,1312,1312,1312,1312,1312,04/15/2023,10:56:02,18.2079296875,987.9117906389656,47.45526835615342,990
1313,1313,1313,1313,1313,1313,04/15/2023,10:56:32,18.208515625,987.8529280540138,47.3940311850892,991
1314,1314,1314,1314,1314,1314,04/15/2023,10:57:02,18.2003125,987.8526600804378,47.4176002630675,991
1315,1315,1315,1315,1315,1315,04/15/2023,10:57:32,18.1938671875,987.8420028163586,47.38007682791939,991
1316,1316,1316,1316,1316,1316,04/15/2023,10:58:02,18.1926953125,987.8400651360604,47.38607007179543,992
1317,1317,1317,1317,1317,1317,04/15/2023,10:58:32,18.208515625,987.8662239259972,47.26536148349973,995
1318,1318,1318,1318,1318,1318,04/15/2023,10:59:02,18.19015625,987.8358668330536,47.33062405829623,997
1319,1319,1319,1319,1319,1319,04/15/2023,10:59:33,18.1805859375,987.859928365865,47.32951712853486,998
1320,1320,1320,1320,1320,1320,04/15/2023,11:00:02,18.1794140625,987.8446953583308,47.38453252207168,998
1321,1321,1321,1321,1321,1321,04/15/2023,11:00:32,18.18,987.8124260500772,47.3355763764355,999
1322,1322,1322,1322,1322,1322,04/15/2023,11:01:02,18.164765625,987.853711396446,47.35219623702491,999
1323,1323,1323,1323,1323,1323,04/15/2023,11:01:32,18.149140625,987.787990812186,47.38102870197499,1002
1324,1324,1324,1324,1324,1324,04/15/2023,11:02:02,18.1395703125,987.8120497764324,47.43508572801325,1002
1325,1325,1325,1325,1325,1325,04/15/2023,11:02:32,18.161640625,987.7621273467488,47.425381225828936,1001
1326,1326,1326,1326,1326,1326,04/15/2023,11:03:02,18.1559765625,987.7992939134504,47.45537856472252,1000
1327,1327,1327,1327,1327,1327,04/15/2023,11:03:32,18.1415234375,987.7288654682236,47.4782299639568,1000
1328,1328,1328,1328,1328,1328,04/15/2023,11:04:02,18.1395703125,987.752224947987,47.48413560903374,1000
1329,1329,1329,1329,1329,1329,04/15/2023,11:04:32,18.142109375,987.7497759115006,47.47829787102706,998
1330,1330,1330,1330,1330,1330,04/15/2023,11:05:02,18.1692578125,987.761426733602,47.42013330181,998
1331,1331,1331,1331,1331,1331,04/15/2023,11:05:32,18.14328125,987.7317718311976,47.3926080070651,999
1332,1332,1332,1332,1332,1332,04/15/2023,11:06:02,18.1333203125,987.748538107052,47.44049233861817,1000
1333,1333,1333,1333,1333,1333,04/15/2023,11:06:32,18.14328125,987.7982442030144,47.435515502325075,999
1334,1334,1334,1334,1334,1334,04/15/2023,11:07:02,18.1192578125,987.77846253669,47.42660359105293,1000
1335,1335,1335,1335,1335,1335,04/15/2023,11:07:32,18.109296875,987.7553451249812,47.44997138307487,1000
1336,1336,1336,1336,1336,1336,04/15/2023,11:08:03,18.099140625,987.805019672329,47.4855825256091,1002
1337,1337,1337,1337,1337,1337,04/15/2023,11:08:33,18.14328125,987.758360759616,47.44777674996599,1003
1338,1338,1338,1338,1338,1338,04/15/2023,11:09:02,18.171796875,987.7789198920492,47.297869342544445,1002
1339,1339,1339,1339,1339,1339,04/15/2023,11:09:32,18.151484375,987.7985134860864,47.29552177074042,1004
1340,1340,1340,1340,1340,1340,04/15/2023,11:10:02,18.1503125,987.8231650860622,47.307637727430546,1005
1341,1341,1341,1341,1341,1341,04/15/2023,11:10:32,18.14328125,987.8381277073404,47.28232352984815,1007
1342,1342,1342,1342,1342,1342,04/15/2023,11:11:02,18.096015625,987.8397327666236,47.29523887233508,1010
1343,1343,1343,1343,1343,1343,04/15/2023,11:11:32,18.10421875,987.8333573893536,47.40034546196147,1009
1344,1344,1344,1344,1344,1344,04/15/2023,11:12:02,18.114375,987.8302112620094,47.346368679145925,1010
1345,1345,1345,1345,1345,1345,04/15/2023,11:12:32,18.168671875,987.8668181392072,47.27300715212214,1008
1346,1346,1346,1346,1346,1346,04/15/2023,11:13:02,18.1565625,987.8667366725788,47.24098756096071,1011
1347,1347,1347,1347,1347,1347,04/15/2023,11:13:32,18.15734375,987.8746759525234,47.24107776549505,1009
1348,1348,1348,1348,1348,1348,04/15/2023,11:14:02,18.1333203125,987.8748338818208,47.238304351621515,1010
1349,1349,1349,1349,1349,1349,04/15/2023,11:14:32,18.145234375,987.8214155163744,47.276424301026296,1009
1350,1350,1350,1350,1350,1350,04/15/2023,11:15:03,18.14328125,987.8381277073404,47.29457387037285,1008
1351,1351,1351,1351,1351,1351,04/15/2023,11:15:33,18.1540234375,987.7960644515842,47.283564596533786,1010
1352,1352,1352,1352,1352,1352,04/15/2023,11:16:02,18.148359375,987.8199355291986,47.24004046291919,1010
1353,1353,1353,1353,1353,1353,04/15/2023,11:16:32,18.1446484375,987.8270939116474,47.30085736084452,1008
1354,1354,1354,1354,1354,1354,04/15/2023,11:17:03,18.1415234375,987.82192657126,47.288245501755355,1010
1355,1355,1355,1355,1355,1355,04/15/2023,11:17:33,18.125703125,987.8223553140324,47.2925429604349,1010
1356,1356,1356,1356,1356,1356,04/15/2023,11:18:02,18.13,987.8228134167896,47.440107808901345,1008
1357,1357,1357,1357,1357,1357,04/15/2023,11:18:32,18.15734375,987.8281441201148,47.44327496763532,1005
1358,1358,1358,1358,1358,1358,04/15/2023,11:19:02,18.1458203125,987.782500749854,47.411289573541566,1004
1359,1359,1359,1359,1359,1359,04/15/2023,11:19:32,18.1466015625,987.810381647083,47.4297697178003,1000
1360,1360,1360,1360,1360,1360,04/15/2023,11:20:02,18.1692578125,987.7747217468808,47.444655259628654,999
1361,1361,1361,1361,1361,1361,04/15/2023,11:20:32,18.1977734375,987.7886314298478,47.34375983394817,997
1362,1362,1362,1362,1362,1362,04/15/2023,11:21:02,18.205390625,987.7679862487416,47.33238636419708,994
1363,1363,1363,1363,1363,1363,04/15/2023,11:21:32,18.2204296875,987.7662589938984,47.32799911569476,991
1364,1364,1364,1364,1364,1364,04/15/2023,11:22:02,18.247578125,987.7380128350862,47.23312897715202,991
1365,1365,1365,1365,1365,1365,04/15/2023,11:22:32,18.3114453125,987.7837606027764,47.130301718612195,988
1366,1366,1366,1366,1366,1366,04/15/2023,11:23:02,18.377265625,987.799480304918,46.97269903577822,985
1367,1367,1367,1367,1367,1367,04/15/2023,11:23:32,18.433515625,987.7993647168724,46.82634074846292,983
1368,1368,1368,1368,1368,1368,04/15/2023,11:24:03,18.4442578125,987.7639187046414,46.7481512615932,983
1369,1369,1369,1369,1369,1369,04/15/2023,11:24:33,18.4594921875,987.7824494912554,46.70104113300552,982
1370,1370,1370,1370,1370,1370,04/15/2023,11:25:02,18.5208203125,987.7707521480418,46.59208243352908,980
1371,1371,1371,1371,1371,1371,04/15/2023,11:25:32,18.6536328125,987.7840430433256,46.351111620154214,978
1372,1372,1372,1372,1372,1372,04/15/2023,11:26:02,18.74015625,987.7673511206164,46.08079454096076,975
1373,1373,1373,1373,1373,1373,04/15/2023,11:26:32,18.85265625,987.8001961517548,45.801647489897974,973
1374,1374,1374,1374,1374,1374,04/15/2023,11:27:02,18.8325390625,987.7669575948436,45.62321830911554,974
1375,1375,1375,1375,1375,1375,04/15/2023,11:27:32,18.789375,987.775488107027,45.685124747826,975
1376,1376,1376,1376,1376,1376,04/15/2023,11:28:02,18.7458203125,987.743443097705,45.740930041764656,977
1377,1377,1377,1377,1377,1377,04/15/2023,11:28:32,18.7149609375,987.7855969640416,45.88327653675406,979
1378,1378,1378,1378,1378,1378,04/15/2023,11:29:02,18.7079296875,987.7872841792368,45.93720040880289,978
1379,1379,1379,1379,1379,1379,04/15/2023,11:29:32,18.668671875,987.7689803599864,45.97531307984734,978
1380,1380,1380,1380,1380,1380,04/15/2023,11:30:02,18.6098828125,987.7716119718708,46.0903111952218,979
1381,1381,1381,1381,1381,1381,04/15/2023,11:30:32,18.55421875,987.7793929497028,46.2118192116897,978
1382,1382,1382,1382,1382,1382,04/15/2023,11:31:03,18.52453125,987.763583209762,46.311990132992015,979
1383,1383,1383,1383,1383,1383,04/15/2023,11:31:33,18.4721875,987.7834819926284,46.366956469124645,980
1384,1384,1384,1384,1384,1384,04/15/2023,11:32:02,18.424140625,987.7905180693914,46.501698051087,979
1385,1385,1385,1385,1385,1385,04/15/2023,11:32:32,18.400703125,987.8249251423048,46.60883466113233,980
1386,1386,1386,1386,1386,1386,04/15/2023,11:33:02,18.345625,987.79372111326,46.67577106539248,981
1387,1387,1387,1387,1387,1387,04/15/2023,11:33:32,18.289375,987.7871669859408,46.74870002071376,984
1388,1388,1388,1388,1388,1388,04/15/2023,11:34:02,18.2716015625,987.8309178325464,46.85662010355781,985
1389,1389,1389,1389,1389,1389,04/15/2023,11:34:32,18.25265625,987.832836999839,46.90333544882657,984
1390,1390,1390,1390,1390,1390,04/15/2023,11:35:02,18.254609375,987.8227694281346,46.98915331801222,983
1391,1391,1391,1391,1391,1391,04/15/2023,11:35:32,18.2294140625,987.8342981733672,47.01071589211172,983
1392,1392,1392,1392,1392,1392,04/15/2023,11:36:02,18.1938671875,987.8552983797508,47.024972609254874,986
1393,1393,1393,1393,1393,1393,04/15/2023,11:36:32,18.161640625,987.8418965846882,47.10690664532997,987
1394,1394,1394,1394,1394,1394,04/15/2023,11:37:02,18.121796875,987.8424841647264,47.20023916489034,988
1395,1395,1395,1395,1395,1395,04/15/2023,11:37:32,18.099140625,987.86484085831,47.26497706301956,990
1396,1396,1396,1396,1396,1396,04/15/2023,11:38:02,18.099140625,987.8449004477524,47.25272949371361,990
1397,1397,1397,1397,1397,1397,04/15/2023,11:38:32,18.112421875,987.9067448864112,47.254262519423406,990
1398,1398,1398,1398,1398,1398,04/15/2023,11:39:02,18.0926953125,987.9140030163268,47.27648132259976,989
1399,1399,1399,1399,1399,1399,04/15/2023,11:39:32,18.070625,987.9040898103842,47.316807585448245,991
1400,1400,1400,1400,1400,1400,04/15/2023,11:40:03,18.068671875,987.9008597232844,47.32270770730291,992
1401,1401,1401,1401,1401,1401,04/15/2023,11:40:33,18.049140625,987.9084368142554,47.38784660708724,994
1402,1402,1402,1402,1402,1402,04/15/2023,11:41:02,18.0637890625,987.9127238710676,47.37728447309601,992
1403,1403,1403,1403,1403,1403,04/15/2023,11:41:32,18.069453125,987.9420308392134,47.359556919217155,991
1404,1404,1404,1404,1404,1404,04/15/2023,11:42:02,18.05421875,987.9832989164842,47.394561921553944,992
1405,1405,1405,1405,1405,1405,04/15/2023,11:42:32,18.0415234375,987.9689476531744,47.40535068435939,992
1406,1406,1406,1406,1406,1406,04/15/2023,11:43:02,18.02140625,987.955612847122,47.46431881123545,993
1407,1407,1407,1407,1407,1407,04/15/2023,11:43:32,18.0415234375,987.9689476531744,47.46051664484243,993
1408,1408,1408,1408,1408,1408,04/15/2023,11:44:02,18.0313671875,987.9720880405796,47.39191978672069,993
1409,1409,1409,1409,1409,1409,04/15/2023,11:44:32,18.00109375,988.0017664567904,47.412933009903256,995
1410,1410,1410,1410,1410,1410,04/15/2023,11:45:02,17.9985546875,987.9643376550748,47.522987941724075,995
1411,1411,1411,1411,1411,1411,04/15/2023,11:45:32,18.016328125,987.9737976595898,47.50051780648632,994
1412,1412,1412,1412,1412,1412,04/15/2023,11:46:02,18.0149609375,987.964890351395,47.439052884479466,994
1413,1413,1413,1413,1413,1413,04/15/2023,11:46:32,18.0137890625,987.9363682888244,47.51248771367999,994
1414,1414,1414,1414,1414,1414,04/15/2023,11:47:02,18.03078125,987.9312421828844,47.48992810888875,992
1415,1415,1415,1415,1415,1415,04/15/2023,11:47:32,18.1067578125,987.9040249302308,47.382253557281395,990
1416,1416,1416,1416,1416,1416,04/15/2023,11:48:02,18.1446484375,987.8935666675748,47.20287532398069,989
1417,1417,1417,1417,1417,1417,04/15/2023,11:48:32,18.1048046875,987.9539700122086,47.26563095598928,989
1418,1418,1418,1418,1418,1418,04/15/2023,11:49:02,18.0782421875,987.9033939806368,47.31156185820308,989
1419,1419,1419,1419,1419,1419,04/15/2023,11:49:33,18.1212109375,987.9212797120432,47.31652628953368,988
1420,1420,1420,1420,1420,1420,04/15/2023,11:50:02,18.1471875,987.9044127237592,47.17868137224837,989
1421,1421,1421,1421,1421,1421,04/15/2023,11:50:32,18.1364453125,987.9132375350669,47.17132147254625,988
1422,1422,1422,1422,1422,1422,04/15/2023,11:51:03,18.11359375,987.8887419665704,47.17480768330904,990
1423,1423,1423,1423,1423,1423,04/15/2023,11:51:33,18.135859375,987.8790325994509,47.171253910479734,989
1424,1424,1424,1424,1424,1424,04/15/2023,11:52:02,18.10421875,987.846651093866,47.192090274936994,990
1425,1425,1425,1425,1425,1425,04/15/2023,11:52:32,18.0926953125,987.8741225353134,47.25198561093858,988
1426,1426,1426,1426,1426,1426,04/15/2023,11:53:02,18.099140625,987.86484085831,47.29559980392179,987
1427,1427,1427,1427,1427,1427,04/15/2023,11:53:32,18.0719921875,987.8531786408856,47.310839966407784,987
1428,1428,1428,1428,1428,1428,04/15/2023,11:54:02,18.053046875,987.881665485104,47.314777375377744,986
1429,1429,1429,1429,1429,1429,04/15/2023,11:54:32,18.0579296875,987.8897406920432,47.36435216191066,985
1430,1430,1430,1430,1430,1430,04/15/2023,11:55:02,18.0700390625,987.8831812470584,47.36575191106277,983
1431,1431,1431,1431,1431,1431,04/15/2023,11:55:32,18.075703125,987.8859017636172,47.35415225837595,983
1432,1432,1432,1432,1432,1432,04/15/2023,11:56:02,18.1079296875,987.866081495304,47.308865822203686,983
1433,1433,1433,1433,1433,1433,04/15/2023,11:56:32,18.108515625,987.8936380754104,47.26605939204715,982
1434,1434,1434,1434,1434,1434,04/15/2023,11:57:02,18.0762890625,987.9267502503031,47.268463228256635,983
1435,1435,1435,1435,1435,1435,04/15/2023,11:57:32,18.0712109375,987.9117053654708,47.32912698607295,982
1436,1436,1436,1436,1436,1436,04/15/2023,11:58:03,18.0801953125,987.9066240428184,47.33016502566785,981
1437,1437,1437,1437,1437,1437,04/15/2023,11:58:33,18.0895703125,987.9287751124452,47.33737471382244,981
1438,1438,1438,1438,1438,1438,04/15/2023,11:59:02,18.0712109375,987.9449380322288,47.27400111897389,980
1439,1439,1439,1439,1439,1439,04/15/2023,11:59:32,18.0516796875,987.9325750363678,47.357502737033066,980
1440,1440,1440,1440,1440,1440,04/15/2023,12:00:02,18.082734375,987.9639963676732,47.385603146581715,978
1441,1441,1441,1441,1441,1441,04/15/2023,12:00:32,18.092109375,987.9462677523944,47.313163743641915,979
1442,1442,1442,1442,1442,1442,04/15/2023,12:01:02,18.1028515625,987.9241524332696,47.25315781522725,980
1443,1443,1443,1443,1443,1443,04/15/2023,12:01:32,18.0637890625,987.9592490808571,47.31601800980397,980
1444,1444,1444,1444,1444,1444,04/15/2023,12:02:02,18.0485546875,987.9406992511936,47.33876187062384,982
1445,1445,1445,1445,1445,1445,04/15/2023,12:02:32,18.06125,987.9218175463984,47.3402286043892,982
1446,1446,1446,1446,1446,1446,04/15/2023,12:03:02,18.082734375,987.9108231288794,47.26920719327708,981
1447,1447,1447,1447,1447,1447,04/15/2023,12:03:32,18.049140625,987.8884979217984,47.308200997795986,982
1448,1448,1448,1448,1448,1448,04/15/2023,12:04:02,18.04796875,987.8599747385556,47.35094710575831,980
1449,1449,1449,1449,1449,1449,04/15/2023,12:04:32,18.049140625,987.9084368142554,47.369463578693995,982
1450,1450,1450,1450,1450,1450,04/15/2023,12:05:02,18.07375,987.8959648508836,47.317168555298124,981
1451,1451,1451,1451,1451,1451,04/15/2023,12:05:32,18.0157421875,987.9063688855438,47.47592465992775,980
1452,1452,1452,1452,1452,1452,04/15/2023,12:06:02,18.0497265625,987.8961132580932,47.461466182191366,977
1453,1453,1453,1453,1453,1453,04/15/2023,12:06:32,18.1067578125,987.897378036259,47.33323464884391,975
1454,1454,1454,1454,1454,1454,04/15/2023,12:07:03,18.1048046875,987.8808543539228,47.296254025957616,975
1455,1455,1455,1455,1455,1455,04/15/2023,12:07:33,18.120625,987.913663679922,47.24908579975725,974
1456,1456,1456,1456,1456,1456,04/15/2023,12:08:02,18.1673046875,987.897794972826,47.1197974832237,974
1457,1457,1457,1457,1457,1457,04/15/2023,12:08:32,18.1762890625,987.886061344778,47.08412017340527,973
1458,1458,1458,1458,1458,1458,04/15/2023,12:09:02,18.195234375,987.8974458568922,47.019013896008175,973
1459,1459,1459,1459,1459,1459,04/15/2023,12:09:32,18.2337109375,987.8746436699096,46.91338289330297,973
1460,1460,1460,1460,1460,1460,04/15/2023,12:10:02,18.257734375,987.8545299112913,46.82447729786157,973
1461,1461,1461,1461,1461,1461,04/15/2023,12:10:32,18.3190625,987.8561948958252,46.68493709156748,973
1462,1462,1462,1462,1462,1462,04/15/2023,12:11:02,18.357734375,987.8802344570072,46.59781248020239,972
1463,1463,1463,1463,1463,1463,04/15/2023,12:11:32,18.401875,987.8335122923444,46.46866026468378,972
1464,1464,1464,1464,1464,1464,04/15/2023,12:12:02,18.450703125,987.8477270230428,46.4132675394976,972
1465,1465,1465,1465,1465,1465,04/15/2023,12:12:32,18.49171875,987.842368834294,46.289969626427194,971
1466,1466,1466,1466,1466,1466,04/15/2023,12:13:02,18.5409375,987.8439101166329,46.16159565756077,971
1467,1467,1467,1467,1467,1467,04/15/2023,12:13:32,18.52765625,987.828609138102,46.0992171470118,971
1468,1468,1468,1468,1468,1468,04/15/2023,12:14:02,18.549921875,987.832154373898,46.10174884640788,970
1469,1469,1469,1469,1469,1469,04/15/2023,12:14:33,18.60421875,987.8420755108953,46.00448642991804,968
1470,1470,1470,1470,1470,1470,04/15/2023,12:15:02,18.615546875,987.834189704014,45.89023710944791,968
1471,1471,1471,1471,1471,1471,04/15/2023,12:15:32,18.7274609375,987.8129062755788,45.72670335237049,967
1472,1472,1472,1472,1472,1472,04/15/2023,12:16:03,18.77375,987.7762856288792,45.55588062538676,965
1473,1473,1473,1473,1473,1473,04/15/2023,12:16:33,18.68390625,987.8008085790968,45.63677045862764,965
1474,1474,1474,1474,1474,1474,04/15/2023,12:17:02,18.5739453125,987.7986928014818,45.80044663006014,968
1475,1475,1475,1475,1475,1475,04/15/2023,12:17:32,18.4923046875,987.7635270804058,46.040441022481296,969
1476,1476,1476,1476,1476,1476,04/15/2023,12:18:02,18.470234375,987.7802536706132,46.15963841798984,970
1477,1477,1477,1477,1477,1477,04/15/2023,12:18:32,18.4778515625,987.7595906421492,46.15441755358801,971
1478,1478,1478,1478,1478,1478,04/15/2023,12:19:02,18.4208203125,987.7384788544738,46.21489788713923,972
1479,1479,1479,1479,1479,1479,04/15/2023,12:19:32,18.37921875,987.7295625513518,46.33807033036504,972
1480,1480,1480,1480,1480,1480,04/15/2023,12:20:02,18.3235546875,987.717341409971,46.46581240378151,972
1481,1481,1481,1481,1481,1481,04/15/2023,12:20:32,18.284296875,987.7189334619072,46.57110752184138,973
1482,1482,1482,1482,1482,1482,04/15/2023,12:21:02,18.278046875,987.6953041936162,46.67413411172255,973
1483,1483,1483,1483,1483,1483,04/15/2023,12:21:32,18.2786328125,987.6829755721202,46.63147660244246,973
1484,1484,1484,1484,1484,1484,04/15/2023,12:22:02,18.2223828125,987.7096556930136,46.69217790838949,973
1485,1485,1485,1485,1485,1485,04/15/2023,12:22:32,18.1958203125,987.6856855491548,46.81737324620108,974
1486,1486,1486,1486,1486,1486,04/15/2023,12:23:03,18.191328125,987.7114975153952,46.85351422327258,973
1487,1487,1487,1487,1487,1487,04/15/2023,12:23:33,18.1825390625,987.7036143884465,46.876947044111816,974
1488,1488,1488,1488,1488,1488,04/15/2023,12:24:02,18.188203125,987.719626394234,46.88981944354438,974
1489,1489,1489,1489,1489,1489,04/15/2023,12:24:32,18.1762890625,987.7132240723053,46.90067421147815,974
1490,1490,1490,1490,1490,1490,04/15/2023,12:25:02,18.174921875,987.704316138296,46.93719060127224,973
1491,1491,1491,1491,1491,1491,04/15/2023,12:25:32,18.135078125,987.6916202800192,46.95706488561959,972
1492,1492,1492,1492,1492,1492,04/15/2023,12:26:02,18.105390625,987.7023583145808,47.02702556355656,974
1493,1493,1493,1493,1493,1493,04/15/2023,12:26:32,18.0852734375,987.6956828537492,47.09811212633302,974
1494,1494,1494,1494,1494,1494,04/15/2023,12:27:02,18.0864453125,987.6710339667416,47.14107812236206,975
1495,1495,1495,1495,1495,1495,04/15/2023,12:27:32,18.118671875,987.6777890825688,47.10195735937362,973
1496,1496,1496,1496,1496,1496,04/15/2023,12:28:02,18.14328125,987.6852412716185,47.04973284804557,973
1497,1497,1497,1497,1497,1497,04/15/2023,12:28:32,18.1243359375,987.6672127430624,47.07202032193522,973
1498,1498,1498,1498,1498,1498,04/15/2023,12:29:02,18.1192578125,987.652169991575,47.04696854835192,973
1499,1499,1499,1499,1499,1499,04/15/2023,12:29:32,18.109296875,987.6423483546682,47.09475972278811,973
1500,1500,1500,1500,1500,1500,04/15/2023,12:30:02,18.1407421875,987.6079244013712,47.06779153088508,972
1501,1501,1501,1501,1501,1501,04/15/2023,12:30:33,18.162421875,987.623823321084,47.00300774940315,972
1502,1502,1502,1502,1502,1502,04/15/2023,12:31:02,18.1344921875,987.5975919046408,47.02425693235574,972
1503,1503,1503,1503,1503,1503,04/15/2023,12:31:32,18.099140625,987.57238302976,47.06300375355708,973
1504,1504,1504,1504,1504,1504,04/15/2023,12:32:03,18.0878125,987.5669484501482,47.14123561354157,973
1505,1505,1505,1505,1505,1505,04/15/2023,12:32:33,18.0731640625,987.5693171583464,47.17014775524368,973
1506,1506,1506,1506,1506,1506,04/15/2023,12:33:02,18.07765625,987.5700974067794,47.18290681456058,973
1507,1507,1507,1507,1507,1507,04/15/2023,12:33:32,18.069453125,987.5565356029164,47.21256818630542,972
1508,1508,1508,1508,1508,1508,04/15/2023,12:34:02,18.053046875,987.5227659370128,47.22292045625395,972
1509,1509,1509,1509,1509,1509,04/15/2023,12:34:32,18.0485546875,987.5352779662092,47.24076977454876,973
1510,1510,1510,1510,1510,1510,04/15/2023,12:35:02,18.0423046875,987.5382374565676,47.29516196003334,973
1511,1511,1511,1511,1511,1511,04/15/2023,12:35:32,18.0731640625,987.5227919646508,47.212996100834665,973
1512,1512,1512,1512,1512,1512,04/15/2023,12:36:02,18.0346875,987.4924140253188,47.21468182098863,972
1513,1513,1513,1513,1513,1513,04/15/2023,12:36:32,18.120625,987.5347851092064,47.1572563707325,971
1514,1514,1514,1514,1514,1514,04/15/2023,12:37:02,18.075703125,987.5336359824151,47.13984077907458,972
1515,1515,1515,1515,1515,1515,04/15/2023,12:37:32,18.0637890625,987.5272324651364,47.20579335154724,971
1516,1516,1516,1516,1516,1516,04/15/2023,12:38:02,18.0579296875,987.5707161052434,47.235728377708426,970
1517,1517,1517,1517,1517,1517,04/15/2023,12:38:32,18.055390625,987.5266406713752,47.2231907185958,971
1518,1518,1518,1518,1518,1518,04/15/2023,12:39:02,18.05109375,987.5195369955552,47.24106263219101,972
1519,1519,1519,1519,1519,1519,04/15/2023,12:39:32,18.0454296875,987.51681924621,47.2342867309405,971
1520,1520,1520,1520,1520,1520,04/15/2023,12:40:02,18.0497265625,987.5305691550316,47.228659826193464,971
1521,1521,1521,1521,1521,1521,04/15/2023,12:40:32,18.0731640625,987.5626706970296,47.2497317622682,970
1522,1522,1522,1522,1522,1522,04/15/2023,12:41:03,18.0630078125,987.4993555264645,47.19958177111512,970
1523,1523,1523,1523,1523,1523,04/15/2023,12:41:33,18.055390625,987.5000556149856,47.19870372133529,970
1524,1524,1524,1524,1524,1524,04/15/2023,12:42:02,18.0118359375,987.5011566459568,47.29164541875376,971
1525,1525,1525,1525,1525,1525,04/15/2023,12:42:32,17.9934765625,987.5040321305082,47.363031808296384,970
1526,1526,1526,1526,1526,1526,04/15/2023,12:43:02,17.9790234375,987.4867824358998,47.42876757629707,969
1527,1527,1527,1527,1527,1527,04/15/2023,12:43:32,18.026484375,987.4987905094006,47.36071825364255,970
1528,1528,1528,1528,1528,1528,04/15/2023,12:44:02,18.05734375,987.4899919199552,47.25402971143504,969
1529,1529,1529,1529,1529,1529,04/15/2023,12:44:32,18.02453125,987.4822696749818,47.25024472033482,971
1530,1530,1530,1530,1530,1530,04/15/2023,12:45:02,18.0282421875,987.46846669304,47.342541673443094,969
1531,1531,1531,1531,1531,1531,04/15/2023,12:45:32,18.008125,987.488375751018,47.31571597231117,969
1532,1532,1532,1532,1532,1532,04/15/2023,12:46:02,18.05734375,987.4501142802754,47.29077343295637,970
1533,1533,1533,1533,1533,1533,04/15/2023,12:46:32,18.096015625,987.4342831065836,47.185023182347024,968
1534,1534,1534,1534,1534,1534,04/15/2023,12:47:02,18.0915234375,987.4335041467202,47.16002273771753,966
1535,1535,1535,1535,1535,1535,04/15/2023,12:47:32,18.0516796875,987.434104862535,47.19827598177863,967
1536,1536,1536,1536,1536,1536,04/15/2023,12:48:03,18.0383984375,987.4453803386696,47.30083576678622,967
1537,1537,1537,1537,1537,1537,04/15/2023,12:48:33,18.0466015625,987.4522949560228,47.258913701194125,966
1538,1538,1538,1538,1538,1538,04/15/2023,12:49:02,18.012421875,987.4556046746025,47.31008692864254,965
1539,1539,1539,1539,1539,1539,04/15/2023,12:49:32,18.0485546875,987.4156466585908,47.27751026576766,964
1540,1540,1540,1540,1540,1540,04/15/2023,12:50:02,18.0403515625,987.4353169084486,47.23982367842917,965
1541,1541,1541,1541,1541,1541,04/15/2023,12:50:32,18.0106640625,987.4526986925874,47.30375919712996,966
1542,1542,1542,1542,1542,1542,04/15/2023,12:51:02,18.0231640625,987.4467798461696,47.292952704587016,967
1543,1543,1543,1543,1543,1543,04/15/2023,12:51:32,18.025703125,987.4509772964432,47.28712139088015,967
1544,1544,1544,1544,1544,1544,04/15/2023,12:52:02,18.0675,987.4270253257432,47.21234297557615,966
1545,1545,1545,1545,1545,1545,04/15/2023,12:52:32,18.0751171875,987.4329704074288,47.20709945706707,965
1546,1546,1546,1546,1546,1546,04/15/2023,12:53:02,18.0669140625,987.4194103884792,47.1755480411815,966
1547,1547,1547,1547,1547,1547,04/15/2023,12:53:32,18.066328125,987.4051491153032,47.15099999584794,968
1548,1548,1548,1548,1548,1548,04/15/2023,12:54:02,18.0997265625,987.380597024154,47.14260814299516,965
1549,1549,1549,1549,1549,1549,04/15/2023,12:54:32,18.1200390625,987.4008780642814,47.010364004451155,967
1550,1550,1550,1550,1550,1550,04/15/2023,12:55:02,18.1440625,987.4007038075848,46.99478154552398,967
1551,1551,1551,1551,1551,1551,04/15/2023,12:55:32,18.19015625,987.37052917547,46.853379736189616,967
1552,1552,1552,1552,1552,1552,04/15/2023,12:56:02,18.228046875,987.4265048075026,46.72945770438006,967
1553,1553,1553,1553,1553,1553,04/15/2023,12:56:32,18.2387890625,987.3977220987578,46.65743224278022,968
1554,1554,1554,1554,1554,1554,04/15/2023,12:57:03,18.284296875,987.4330416138652,46.57110752184138,967
1555,1555,1555,1555,1555,1555,04/15/2023,12:57:33,18.3221875,987.369331761885,46.4839487559511,966
1556,1556,1556,1556,1556,1556,04/15/2023,12:58:02,18.354609375,987.4362079383252,46.444970150665625,965
1557,1557,1557,1557,1557,1557,04/15/2023,12:58:32,18.4258984375,987.4010667827883,46.3190200700955,965
1558,1558,1558,1558,1558,1558,04/15/2023,12:59:02,18.48546875,987.3664864198817,46.20398924668331,962
1559,1559,1559,1559,1559,1559,04/15/2023,12:59:32,18.4911328125,987.3691938818604,46.04639128882618,962
1560,1560,1560,1560,1560,1560,04/15/2023,13:00:02,18.4923046875,987.3977330537342,45.997863808559906,961
1561,1561,1561,1561,1561,1561,04/15/2023,13:00:32,18.4841015625,987.3642275490264,46.01517894019553,960
1562,1562,1562,1562,1562,1562,04/15/2023,13:01:02,18.5251171875,987.318925922616,45.92861802303424,961
1563,1563,1563,1563,1563,1563,04/15/2023,13:01:32,18.5536328125,987.3128247213082,45.852832090593,959
1564,1564,1564,1564,1564,1564,04/15/2023,13:02:02,18.54484375,987.2783514512164,45.821455266188295,960
1565,1565,1565,1565,1565,1565,04/15/2023,13:02:32,18.514375,987.3277831206304,45.81193232992836,960
1566,1566,1566,1566,1566,1566,04/15/2023,13:03:02,18.4688671875,987.3058049272256,45.958720443164545,960
1567,1567,1567,1567,1567,1567,04/15/2023,13:03:32,18.4315625,987.3306244693551,46.03962952114633,962
1568,1568,1568,1568,1568,1568,04/15/2023,13:04:03,18.3880078125,987.3318086544324,46.18681226011197,961
1569,1569,1569,1569,1569,1569,04/15/2023,13:04:33,18.40578125,987.2880279478726,46.23145390100527,961
1570,1570,1570,1570,1570,1570,04/15/2023,13:05:02,18.4126171875,987.3525217116244,46.22614255567915,960
1571,1571,1571,1571,1571,1571,04/15/2023,13:05:32,18.38546875,987.3342629473286,46.22914239803127,961
1572,1572,1572,1572,1572,1572,04/15/2023,13:06:02,18.3633984375,987.3310427769744,46.31798967510678,963
1573,1573,1573,1573,1573,1573,04/15/2023,13:06:32,18.370234375,987.3223898140136,46.318768523824765,963
1574,1574,1574,1574,1574,1574,04/15/2023,13:07:02,18.3602734375,987.3325285226896,46.354190450741086,962
1575,1575,1575,1575,1575,1575,04/15/2023,13:07:32,18.310859375,987.3173678339753,46.38512025091228,962
1576,1576,1576,1576,1576,1576,04/15/2023,13:08:02,18.2704296875,987.2971002620748,46.51462680617022,963
1577,1577,1577,1577,1577,1577,04/15/2023,13:08:32,18.235078125,987.325108247534,46.61428956514356,963
1578,1578,1578,1578,1578,1578,04/15/2023,13:09:02,18.217890625,987.3166483724526,46.66114412153399,964
1579,1579,1579,1579,1579,1579,04/15/2023,13:09:32,18.2008984375,987.3085104479786,46.708032188434615,963
1580,1580,1580,1580,1580,1580,04/15/2023,13:10:02,18.1774609375,987.3030149612332,46.754193041130826,963
1581,1581,1581,1581,1581,1581,04/15/2023,13:10:32,18.1395703125,987.3068666441404,46.79260017313917,965
1582,1582,1582,1582,1582,1582,04/15/2023,13:11:03,18.162421875,987.3113974269024,46.83797847326899,966
1583,1583,1583,1583,1583,1583,04/15/2023,13:11:33,18.1565625,987.315008264037,46.82508849048442,964
1584,1584,1584,1584,1584,1584,04/15/2023,13:12:02,18.1364453125,987.314996008774,46.847217713693496,965
1585,1585,1585,1585,1585,1585,04/15/2023,13:12:32,18.1243359375,987.275041723784,46.85193834277038,965
1586,1586,1586,1586,1586,1586,04/15/2023,13:13:02,18.1079296875,987.3077480933534,46.905049240320615,966
1587,1587,1587,1587,1587,1587,04/15/2023,13:13:32,18.0903515625,987.2919887008852,46.951927259288816,967
1588,1588,1588,1588,1588,1588,04/15/2023,13:14:02,18.0833203125,987.2670746336232,47.0000283673788,966
1589,1589,1589,1589,1589,1589,04/15/2023,13:14:32,18.0915234375,987.2673392381572,46.98262850501172,968
1590,1590,1590,1590,1590,1590,04/15/2023,13:15:02,18.0536328125,987.2512398505692,47.03942123632716,966
1591,1591,1591,1591,1591,1591,04/15/2023,13:15:32,18.0852734375,987.2237771279414,47.04917549486041,967
1592,1592,1592,1592,1592,1592,04/15/2023,13:16:02,18.056171875,987.2554363606108,47.033597597105015,968
1593,1593,1593,1593,1593,1593,04/15/2023,13:16:32,18.059296875,987.2340163569246,47.10124018386135,966
1594,1594,1594,1594,1594,1594,04/15/2023,13:17:02,18.0383984375,987.219414899911,47.11718920751882,965
1595,1595,1595,1595,1595,1595,04/15/2023,13:17:32,18.026484375,987.2329534047996,47.14641150821106,967
1596,1596,1596,1596,1596,1596,04/15/2023,13:18:02,18.0036328125,987.2284129253068,47.21722414708787,967
1597,1597,1597,1597,1597,1597,04/15/2023,13:18:32,17.979609375,987.2352243761068,47.25731046973443,967
1598,1598,1598,1598,1598,1598,04/15/2023,13:19:02,17.97453125,987.246766916266,47.311838820293026,967
1599,1599,1599,1599,1599,1599,04/15/2023,13:19:32,17.99484375,987.220531703942,47.277437049371045,967
1600,1600,1600,1600,1600,1600,04/15/2023,13:20:03,18.0067578125,987.2468694043736,47.24207251977709,966
1601,1601,1601,1601,1601,1601,04/15/2023,13:20:33,18.012421875,987.282814315908,47.26109423625285,966
1602,1602,1602,1602,1602,1602,04/15/2023,13:21:02,18.02765625,987.2415361834152,47.20774979746546,965
1603,1603,1603,1603,1603,1603,04/15/2023,13:21:32,18.0409375,987.2236113471928,47.16643489413321,965
1604,1604,1604,1604,1604,1604,04/15/2023,13:22:03,18.03078125,987.2201174600704,47.20810996949626,965
1605,1605,1605,1605,1605,1605,04/15/2023,13:22:33,18.0149609375,987.2404906627808,47.21852972983097,965
1606,1606,1606,1606,1606,1606,04/15/2023,13:23:02,18.0106640625,987.2001600419576,47.2425228990048,965
1607,1607,1607,1607,1607,1607,04/15/2023,13:23:32,17.959296875,987.2149407743065,47.30395662689027,965
1608,1608,1608,1608,1608,1608,04/15/2023,13:24:02,17.9329296875,987.1912938929188,47.3744195829026,966
1609,1609,1609,1609,1609,1609,04/15/2023,13:24:32,17.9934765625,987.2116264257982,47.34465268132752,965
1610,1610,1610,1610,1610,1610,04/15/2023,13:25:02,17.966328125,987.2265626475984,47.32926721483658,965
1611,1611,1611,1611,1611,1611,04/15/2023,13:25:32,17.9352734375,987.2151026948818,47.38694400107018,966
1612,1612,1612,1612,1612,1612,04/15/2023,13:26:02,17.9360546875,987.2230390003348,47.423800921162574,966
1613,1613,1613,1613,1613,1613,04/15/2023,13:26:32,17.903828125,987.2295724730296,47.48136911372825,968
1614,1614,1614,1614,1614,1614,04/15/2023,13:27:02,17.917109375,987.2050132188772,47.48290495473313,968
1615,1615,1615,1615,1615,1615,04/15/2023,13:27:32,17.92453125,987.1840570286084,47.46537284886739,967
1616,1616,1616,1616,1616,1616,04/15/2023,13:28:02,17.9196484375,987.1892758078064,47.46480829431167,965
1617,1617,1617,1617,1617,1617,04/15/2023,13:28:32,17.9126171875,987.1710090804656,47.476255214208166,967
1618,1618,1618,1618,1618,1618,04/15/2023,13:29:03,17.9278515625,987.1829003049128,47.490277986695894,967
1619,1619,1619,1619,1619,1619,04/15/2023,13:29:33,17.9423046875,987.2200798463986,47.41226660599817,965
1620,1620,1620,1620,1620,1620,04/15/2023,13:30:02,17.9044140625,987.164094808749,47.46304709158919,967
1621,1621,1621,1621,1621,1621,04/15/2023,13:30:32,17.9346875,987.187554437464,47.491068764900945,967
1622,1622,1622,1622,1622,1622,04/15/2023,13:31:02,17.9360546875,987.16987940593,47.43605823152298,968
1623,1623,1623,1623,1623,1623,04/15/2023,13:31:32,17.9739453125,987.1859902994744,47.409794830799214,967
1624,1624,1624,1624,1624,1624,04/15/2023,13:32:02,17.9872265625,987.1414870700526,47.36843664535261,966
1625,1625,1625,1625,1625,1625,04/15/2023,13:32:32,17.9505078125,987.107382265236,47.37032264005943,967
1626,1626,1626,1626,1626,1626,04/15/2023,13:33:02,17.9473828125,987.0889274172316,47.43123874705886,966
1627,1627,1627,1627,1627,1627,04/15/2023,13:33:32,17.9341015625,987.100202047808,47.417446918179635,967
1628,1628,1628,1628,1628,1628,04/15/2023,13:34:02,17.9346875,987.1211051929926,47.47267728325989,967
1629,1629,1629,1629,1629,1629,04/15/2023,13:34:32,17.9290234375,987.1183886328536,47.44137448188728,967
1630,1630,1630,1630,1630,1630,04/15/2023,13:35:02,17.9208203125,987.1114754532166,47.48333412948459,967
1631,1631,1631,1631,1631,1631,04/15/2023,13:35:32,17.903828125,987.0833911441052,47.512023068198815,969
1632,1632,1632,1632,1632,1632,04/15/2023,13:36:02,17.9055859375,987.1128748434452,47.50609518173301,970
1633,1633,1633,1633,1633,1633,04/15/2023,13:36:33,17.8784375,987.121158468676,47.56427431387387,969
1634,1634,1634,1634,1634,1634,04/15/2023,13:37:02,17.8848828125,987.0985897912582,47.62022700454339,968
1635,1635,1635,1635,1635,1635,04/15/2023,13:37:32,17.9044140625,987.1441609747868,47.57341519567759,969
1636,1636,1636,1636,1636,1636,04/15/2023,13:38:03,17.9258984375,987.1132236926428,47.50231393667467,968
1637,1637,1637,1637,1637,1637,04/15/2023,13:38:33,17.923359375,987.135606381942,47.50815141840312,967
1638,1638,1638,1638,1638,1638,04/15/2023,13:39:02,17.9290234375,987.1050989227706,47.490413544178764,967
1639,1639,1639,1639,1639,1639,04/15/2023,13:39:32,17.9587109375,987.1408753205064,47.426419391741675,967
1640,1640,1640,1640,1640,1640,04/15/2023,13:40:02,18.0036328125,987.1486651712762,47.34582553180566,966
1641,1641,1641,1641,1641,1641,04/15/2023,13:40:32,18.03078125,987.1470122776366,47.20810996949626,968
1642,1642,1642,1642,1642,1642,04/15/2023,13:41:02,18.0372265625,987.1510181549988,47.141529142617955,969
1643,1643,1643,1643,1643,1643,04/15/2023,13:41:32,18.075703125,987.1414966447752,47.072540935976875,969
1644,1644,1644,1644,1644,1644,04/15/2023,13:42:02,18.13078125,987.1726953445672,46.96268455243882,968
1645,1645,1645,1645,1645,1645,04/15/2023,13:42:32,18.178828125,987.178972472772,46.82764202270295,969
1646,1646,1646,1646,1646,1646,04/15/2023,13:43:02,18.201484375,987.1698769603112,46.73252064749533,970
1647,1647,1647,1647,1647,1647,04/15/2023,13:43:32,18.1887890625,987.17548969504,46.68222851821564,971
1648,1648,1648,1648,1648,1648,04/15/2023,13:44:02,18.19328125,987.1895602803432,46.70716008738514,970
1649,1649,1649,1649,1649,1649,04/15/2023,13:44:32,18.214765625,987.1918227924228,46.648580351515,970
1650,1650,1650,1650,1650,1650,04/15/2023,13:45:03,18.2325390625,987.1879516427588,46.56519196676888,972
1651,1651,1651,1651,1651,1651,04/15/2023,13:45:33,18.248359375,987.2007962527532,46.52430355859468,972
1652,1652,1652,1652,1652,1652,04/15/2023,13:46:02,18.2704296875,987.1508351410484,46.47803965846786,971
1653,1653,1653,1653,1653,1653,04/15/2023,13:46:32,18.32921875,987.2213738817828,46.362837599443864,970
1654,1654,1654,1654,1654,1654,04/15/2023,13:47:02,18.3266796875,987.2637217377952,46.33817595845356,969
1655,1655,1655,1655,1655,1655,04/15/2023,13:47:32,18.3430859375,987.2509351212294,46.27912800246634,969
1656,1656,1656,1656,1656,1656,04/15/2023,13:48:02,18.32609375,987.2295086033456,46.22238881547433,970
1657,1657,1657,1657,1657,1657,04/15/2023,13:48:32,18.35890625,987.2438279291875,46.20176679581164,970
1658,1658,1658,1658,1658,1658,04/15/2023,13:49:02,18.3925,987.2128870715828,46.11428606892527,971
1659,1659,1659,1659,1659,1659,04/15/2023,13:49:32,18.4044140625,987.205971385436,46.06696425709569,969
1660,1660,1660,1660,1660,1660,04/15/2023,13:50:02,18.37921875,987.2042440155076,46.09452394967513,969
1661,1661,1661,1661,1661,1661,04/15/2023,13:50:32,18.3602734375,987.212840109189,46.195834356111774,968
1662,1662,1662,1662,1662,1662,04/15/2023,13:51:02,18.331171875,987.2179518807188,46.3447805456147,969
1663,1663,1663,1663,1663,1663,04/15/2023,13:51:32,18.3153515625,987.1918131177446,46.34297805312856,969
1664,1664,1664,1664,1664,1664,04/15/2023,13:52:03,18.32921875,987.2147248606068,46.35065098022808,968
1665,1665,1665,1665,1665,1665,04/15/2023,13:52:33,18.2755078125,987.1991161360916,46.417657539208506,969
1666,1666,1666,1666,1666,1666,04/15/2023,13:53:02,18.267890625,987.1865302618644,46.4472667262171,968
1667,1667,1667,1667,1667,1667,04/15/2023,13:53:32,18.283125,987.211702063228,46.467294463854735,968
1668,1668,1668,1668,1668,1668,04/15/2023,13:54:02,18.2551953125,987.1921469045608,46.47630105329253,969
1669,1669,1669,1669,1669,1669,04/15/2023,13:54:32,18.2255078125,987.1896293843604,46.57048867917038,971
1670,1670,1670,1670,1670,1670,04/15/2023,13:55:02,18.1805859375,987.1818771550152,46.67518616880912,972
1671,1671,1671,1671,1671,1671,04/15/2023,13:55:32,18.1313671875,987.1936045132984,46.742808312705264,972
1672,1672,1672,1672,1672,1672,04/15/2023,13:56:02,18.1079296875,987.1615198889044,46.82562163008606,973
1673,1673,1673,1673,1673,1673,04/15/2023,13:56:32,18.158515625,987.1985854111492,46.82531245805098,972
1674,1674,1674,1674,1674,1674,04/15/2023,13:57:02,18.2020703125,987.1708451553908,46.71427138710769,972
1675,1675,1675,1675,1675,1675,04/15/2023,13:57:32,18.19015625,987.1711012886902,46.63356073577095,972
1676,1676,1676,1676,1676,1676,04/15/2023,13:58:02,18.131953125,987.1879258292792,46.74287539406525,974
1677,1677,1677,1677,1677,1677,04/15/2023,13:58:32,18.0852734375,987.190544651674,46.890227866349775,973
1678,1678,1678,1678,1678,1678,04/15/2023,13:59:02,18.062421875,987.1793648398176,46.94872040612475,976
1679,1679,1679,1679,1679,1679,04/15/2023,13:59:32,18.0200390625,987.1824257186644,47.01721525890866,977
1680,1680,1680,1680,1680,1680,04/15/2023,14:00:02,18.019453125,987.188103133583,47.07830454196226,979
1681,1681,1681,1681,1681,1681,04/15/2023,14:00:32,17.9973828125,987.164918102292,47.11858763093685,979
1682,1682,1682,1682,1682,1682,04/15/2023,14:01:03,17.9801953125,987.1630933894816,47.15944051198107,980
1683,1683,1683,1683,1683,1683,04/15/2023,14:01:33,18.01828125,987.1795205378804,47.127110656129574,978
1684,1684,1684,1684,1684,1684,04/15/2023,14:02:02,18.0005078125,987.19666536127,47.143421143919845,980
1685,1685,1685,1685,1685,1685,04/15/2023,14:02:32,17.9801953125,987.2162566220276,47.17779954115544,980
1686,1686,1686,1686,1686,1686,04/15/2023,14:03:02,17.982734375,987.240389638492,47.22705914626032,980
1687,1687,1687,1687,1687,1687,04/15/2023,14:03:32,17.9606640625,987.197264959816,47.224516116596,982
1688,1688,1688,1688,1688,1688,04/15/2023,14:04:02,17.933515625,987.1989073081862,47.31323152439475,980
1689,1689,1689,1689,1689,1689,04/15/2023,14:04:32,17.94171875,987.2124663238196,47.30192905681206,981
1690,1690,1690,1690,1690,1690,04/15/2023,14:05:02,17.9719921875,987.1960527896288,47.29317269849956,980
1691,1691,1691,1691,1691,1691,04/15/2023,14:05:32,17.96515625,987.1913993995652,47.24952171481403,980
1692,1692,1692,1692,1692,1692,04/15/2023,14:06:02,17.9973828125,987.1981460010388,47.27772992955545,980
1693,1693,1693,1693,1693,1693,04/15/2023,14:06:32,18.005,987.1841529978512,47.15617661108642,980
1694,1694,1694,1694,1694,1694,04/15/2023,14:07:02,18.0024609375,987.1932478193248,47.19872536516521,980
1695,1695,1695,1695,1695,1695,04/15/2023,14:07:32,18.0157421875,987.1753241706364,47.17577304469584,979
1696,1696,1696,1696,1696,1696,04/15/2023,14:08:03,17.9934765625,987.2182719736488,47.17932889776678,979
1697,1697,1697,1697,1697,1697,04/15/2023,14:08:33,17.956171875,987.1831948824334,47.266854226858094,980
1698,1698,1698,1698,1698,1698,04/15/2023,14:09:02,17.9253125,987.2185725523648,47.32453457514845,980
1699,1699,1699,1699,1699,1699,04/15/2023,14:09:32,17.9044140625,987.1906732776893,47.383380759006336,981
1700,1700,1700,1700,1700,1700,04/15/2023,14:10:03,17.939765625,987.1760130476472,47.35070370992382,980
1701,1701,1701,1701,1701,1701,04/15/2023,14:10:33,17.9657421875,987.185722604458,47.31694944537206,979
1702,1702,1702,1702,1702,1702,04/15/2023,14:11:02,17.9352734375,987.2217476416896,47.32568372163501,998
1703,1703,1703,1703,1703,1703,04/15/2023,14:11:32,17.9284375,987.223738028993,47.3677744272486,980
1704,1704,1704,1704,1704,1704,04/15/2023,14:12:02,17.946796875,987.1942797782413,47.33926387121179,979
1705,1705,1705,1705,1705,1705,04/15/2023,14:12:32,17.9270703125,987.2214781318648,47.336987476206005,978
1706,1706,1706,1706,1706,1706,04/15/2023,14:13:02,17.9005078125,987.2506623476984,47.39518367579875,980
1707,1707,1707,1707,1707,1707,04/15/2023,14:13:32,17.8798046875,987.2762387348675,47.460202735748425,980
1708,1708,1708,1708,1708,1708,04/15/2023,14:14:02,17.9055859375,987.265701388223,47.463182557563904,979
1709,1709,1709,1709,1709,1709,04/15/2023,14:14:32,17.8880078125,987.2897995528796,47.45502146471295,980
1710,1710,1710,1710,1710,1710,04/15/2023,14:15:02,17.867109375,987.2685403824202,47.53843332009847,980
1711,1711,1711,1711,1711,1711,04/15/2023,14:15:32,17.8399609375,987.263524511186,47.58435331735221,980
1712,1712,1712,1712,1712,1712,04/15/2023,14:16:02,17.8368359375,987.2716462283164,47.620795908671255,979
1713,1713,1713,1713,1713,1713,04/15/2023,14:16:32,17.8247265625,987.2184081271312,47.65006908736569,979
1714,1714,1714,1714,1714,1714,04/15/2023,14:17:03,17.8221875,987.25407342362,47.64363939920692,1033
1715,1715,1715,1715,1715,1715,04/15/2023,14:17:33,17.8278515625,987.2235741556404,47.6627029773643,979
1716,1716,1716,1716,1716,1716,04/15/2023,14:18:02,17.8329296875,987.2784762556346,47.62647827636948,979
1717,1717,1717,1717,1717,1717,04/15/2023,14:18:32,17.8626171875,987.2876910407944,47.59924401283257,980
1718,1718,1718,1718,1718,1718,04/15/2023,14:19:02,17.9227734375,987.2874686930336,47.50808362355778,978
1719,1719,1719,1719,1719,1719,04/15/2023,14:19:32,17.91828125,987.2733980288588,47.403363550961565,978
1720,1720,1720,1720,1720,1720,04/15/2023,14:20:02,17.94796875,987.329118527579,47.40679304546692,977
1721,1721,1721,1721,1721,1721,04/15/2023,14:20:32,17.91515625,987.3213903105928,47.42138622345743,978
1722,1722,1722,1722,1722,1722,04/15/2023,14:21:02,17.903828125,987.282729522693,47.47523897739747,977
1723,1723,1723,1723,1723,1723,04/15/2023,14:21:32,17.896796875,987.3242627892156,47.474426063283765,978
1724,1724,1724,1724,1724,1724,04/15/2023,14:22:02,17.9012890625,987.3250445356572,47.45042717156332,979
1725,1725,1725,1725,1725,1725,04/15/2023,14:22:32,17.9329296875,987.3175475956922,47.4173115156113,977
1726,1726,1726,1726,1726,1726,04/15/2023,14:23:02,17.92140625,987.3184327642124,47.397596990667076,979
1727,1727,1727,1727,1727,1727,04/15/2023,14:23:32,17.9075390625,987.3021534122172,47.43276289639778,977
1728,1728,1728,1728,1728,1728,04/15/2023,14:24:02,17.89484375,987.2811666402116,47.44355337723583,977
1729,1729,1729,1729,1729,1729,04/15/2023,14:24:32,17.8790234375,987.2815916119322,47.49076169733354,979
1730,1730,1730,1730,1730,1730,04/15/2023,14:25:02,17.917109375,987.258171317362,47.464514738700544,978
1731,1731,1731,1731,1731,1731,04/15/2023,14:25:32,17.9106640625,987.2674511504944,47.420867253448336,978
1732,1732,1732,1732,1732,1732,04/15/2023,14:26:03,17.9770703125,987.257609149608,47.355010523399,976
1733,1733,1733,1733,1733,1733,04/15/2023,14:26:33,18.00421875,987.2360270435496,47.24790235755485,976
1734,1734,1734,1734,1734,1734,04/15/2023,14:27:02,18.0378125,987.2516765473072,47.123240152144106,975
1735,1735,1735,1735,1735,1735,04/15/2023,14:27:32,18.029609375,987.2713480561818,47.0855895378323,979
1736,1736,1736,1736,1736,1736,04/15/2023,14:28:02,18.08390625,987.2680430428892,47.030670657106896,978
1737,1737,1737,1737,1737,1737,04/15/2023,14:28:32,18.105390625,987.2902581473484,46.92309243701011,980
1738,1738,1738,1738,1738,1738,04/15/2023,14:29:02,18.19015625,987.2974054402188,46.79229054539497,980
1739,1739,1739,1739,1739,1739,04/15/2023,14:29:32,18.2551953125,987.285222555225,46.58608285405656,980
1740,1740,1740,1740,1740,1740,04/15/2023,14:30:02,18.2501171875,987.3233686437896,46.50620914612104,980
1741,1741,1741,1741,1741,1741,04/15/2023,14:30:32,18.2376171875,987.2761194877152,46.46210214742087,980
1742,1742,1742,1742,1742,1742,04/15/2023,14:31:02,18.2325390625,987.294320075478,46.45542670131716,982
1743,1743,1743,1743,1743,1743,04/15/2023,14:31:32,18.2387890625,987.2847041070698,46.44394760765684,983
1744,1744,1744,1744,1744,1744,04/15/2023,14:32:02,18.254609375,987.3041991130116,46.421369852864,982
1745,1745,1745,1745,1745,1745,04/15/2023,14:32:32,18.2659375,987.3162706171056,46.367813574937834,984
1746,1746,1746,1746,1746,1746,04/15/2023,14:33:03,18.295625,987.3254376555132,46.26763689588575,984
1747,1747,1747,1747,1747,1747,04/15/2023,14:33:33,18.32296875,987.330728833053,46.228122039797675,983
1748,1748,1748,1748,1748,1748,04/15/2023,14:34:02,18.357734375,987.3349824016636,46.183370617365725,982
1749,1749,1749,1749,1749,1749,04/15/2023,14:34:32,18.344453125,987.3263352487464,46.05407879449241,981
1750,1750,1750,1750,1750,1750,04/15/2023,14:35:02,18.3532421875,987.3342089184002,46.109828544552315,982
1751,1751,1751,1751,1751,1751,04/15/2023,14:35:32,18.3594921875,987.3046401704534,46.1287932094104,982
1752,1752,1752,1752,1752,1752,04/15/2023,14:36:02,18.3696484375,987.2881743416592,46.1360322484753,984
1753,1753,1753,1753,1753,1753,04/15/2023,14:36:32,18.3829296875,987.270221208148,46.09494521752694,981
1754,1754,1754,1754,1754,1754,04/15/2023,14:37:02,18.3501171875,987.2359556689256,46.10947380386197,982
1755,1755,1755,1755,1755,1755,04/15/2023,14:37:32,18.3190625,987.2045933238976,46.19115012040887,982
1756,1756,1756,1756,1756,1756,04/15/2023,14:38:02,18.2950390625,987.2313878502142,46.29802225123964,981
1757,1757,1757,1757,1757,1757,04/15/2023,14:38:32,18.29640625,987.2137008336096,46.37737881503004,979
1758,1758,1758,1758,1758,1758,04/15/2023,14:39:02,18.313984375,987.256042871053,46.34891510220195,980
1759,1759,1759,1759,1759,1759,04/15/2023,14:39:32,18.30578125,987.27573260138,46.299244963270056,978
1760,1760,1760,1760,1760,1760,04/15/2023,14:40:03,18.314765625,987.263982634453,46.28199516028655,977
1761,1761,1761,1761,1761,1761,04/15/2023,14:40:33,18.29328125,987.2351320346536,46.35264936107911,975
1762,1762,1762,1762,1762,1762,04/15/2023,14:41:02,18.27609375,987.2665690380494,46.38725163419987,978
1763,1763,1763,1763,1763,1763,04/15/2023,14:41:32,18.251484375,987.259145628258,46.445395407289496,977
1764,1764,1764,1764,1764,1764,04/15/2023,14:42:02,18.2419140625,987.289868193296,46.48088257722698,977
1765,1765,1765,1765,1765,1765,04/15/2023,14:42:32,18.198359375,987.277723622186,46.53689062390895,977
1766,1766,1766,1766,1766,1766,04/15/2023,14:43:02,18.1528515625,987.3022279841404,46.61709315453596,977
1767,1767,1767,1767,1767,1767,04/15/2023,14:43:32,18.1130078125,987.2696134711329,46.74070666207985,980
1768,1768,1768,1768,1768,1768,04/15/2023,14:44:02,18.114375,987.2785198409272,46.783606430973585,979
1769,1769,1769,1769,1769,1769,04/15/2023,14:44:32,18.0751171875,987.2801025584496,46.815753579399114,980
1770,1770,1770,1770,1770,1770,04/15/2023,14:45:02,18.0794140625,987.2473256867574,46.84678781591092,980
1771,1771,1771,1771,1771,1771,04/15/2023,14:45:32,18.055390625,987.2873761379886,46.9173541357017,980
1772,1772,1772,1772,1772,1772,04/15/2023,14:46:02,18.070625,987.2926170270616,46.91910216983676,980
1773,1773,1773,1773,1773,1773,04/15/2023,14:46:32,18.0548046875,987.2531767006238,46.88673328245602,980
1774,1774,1774,1774,1774,1774,04/15/2023,14:47:02,18.0762890625,987.2421609210894,46.852538630608315,980
1775,1775,1775,1775,1775,1775,04/15/2023,14:47:33,18.0567578125,987.2497585748278,46.88084716327549,980
1776,1776,1776,1776,1776,1776,04/15/2023,14:48:02,18.0301953125,987.2523787059436,46.92668624427368,981
1777,1777,1777,1777,1777,1777,04/15/2023,14:48:32,18.01125,987.300814575088,47.00397708869244,981
1778,1778,1778,1778,1778,1778,04/15/2023,14:49:03,17.9903515625,987.2662710568716,47.03826393916426,982
1779,1779,1779,1779,1779,1779,04/15/2023,14:49:33,17.9739453125,987.2457984143772,47.10977388328557,983
1780,1780,1780,1780,1780,1780,04/15/2023,14:50:02,18.0067578125,987.2734521911988,47.04014902241596,981
1781,1781,1781,1781,1781,1781,04/15/2023,14:50:32,18.003046875,987.2673184013018,46.996921191118645,982
1782,1782,1782,1782,1782,1782,04/15/2023,14:51:02,17.9846875,987.2569088639056,47.055959315777415,981
1783,1783,1783,1783,1783,1783,04/15/2023,14:51:32,17.9719921875,987.2159887597986,47.09731468296165,982
1784,1784,1784,1784,1784,1784,04/15/2023,14:52:02,17.9903515625,987.2263979157796,47.06884218419761,982
1785,1785,1785,1785,1785,1785,04/15/2023,14:52:32,17.953046875,987.2311907802806,47.131841620030166,983
1786,1786,1786,1786,1786,1786,04/15/2023,14:53:02,17.9391796875,987.2215594516712,47.17919766429252,983
1787,1787,1787,1787,1787,1787,04/15/2023,14:53:32,17.9719921875,987.222634086569,47.146258242061464,982
1788,1788,1788,1788,1788,1788,04/15/2023,14:54:02,17.9872265625,987.22787825175,47.154130575329134,983
1789,1789,1789,1789,1789,1789,04/15/2023,14:54:32,18.0364453125,987.2494168514552,47.00687113759952,980
1790,1790,1790,1790,1790,1790,04/15/2023,14:55:02,18.032734375,987.2898051688022,46.994216691547926,980
1791,1791,1791,1791,1791,1791,04/15/2023,14:55:32,17.9883984375,987.2896247549344,47.08696717727648,980
1792,1792,1792,1792,1792,1792,04/15/2023,14:56:03,18.0137890625,987.265136823843,47.0715366316665,980
1793,1793,1793,1793,1793,1793,04/15/2023,14:56:33,18.0270703125,987.2671513619836,47.02413782748151,980
1794,1794,1794,1794,1794,1794,04/15/2023,14:57:02,18.0536328125,987.2711783958592,46.996617238171176,979
1795,1795,1795,1795,1795,1795,04/15/2023,14:57:32,18.08703125,987.2931474959344,46.91487347918836,978
1796,1796,1796,1796,1796,1796,04/15/2023,14:58:03,18.0934765625,987.2639206475084,46.8117491753906,978
1797,1797,1797,1797,1797,1797,04/15/2023,14:58:33,18.0852734375,987.2636561552608,46.890227866349775,978
1798,1798,1798,1798,1798,1798,04/15/2023,14:59:02,18.1034375,987.3069702392376,46.818998526702615,977
1799,1799,1799,1799,1799,1799,04/15/2023,14:59:32,18.16671875,987.2786146465936,46.74075045490811,976
1800,1800,1800,1800,1800,1800,04/15/2023,15:00:02,18.19640625,987.2877912827062,46.60986822623401,974
1801,1801,1801,1801,1801,1801,04/15/2023,15:00:32,18.174921875,987.272229028412,46.63792104728828,974
1802,1802,1802,1802,1802,1802,04/15/2023,15:01:02,18.1907421875,987.2784309477008,46.62142384208496,974
1803,1803,1803,1803,1803,1803,04/15/2023,15:01:32,18.1028515625,987.2328881912784,46.7212293666229,975
1804,1804,1804,1804,1804,1804,04/15/2023,15:02:02,18.02765625,987.2415361834152,46.889730538979975,976
1805,1805,1805,1805,1805,1805,04/15/2023,15:02:32,18.032734375,987.276513226382,47.01255922474989,975
1806,1806,1806,1806,1806,1806,04/15/2023,15:03:02,18.0188671875,987.2602386729918,46.98651054846502,976
1807,1807,1807,1807,1807,1807,04/15/2023,15:03:32,18.0378125,987.278260623714,46.98868614766211,975
1808,1808,1808,1808,1808,1808,04/15/2023,15:04:02,18.00421875,987.255964044081,47.03985725970145,975
1809,1809,1809,1809,1809,1809,04/15/2023,15:04:32,17.9784375,987.2266420088844,47.09805579749159,974
1810,1810,1810,1810,1810,1810,04/15/2023,15:05:03,17.9973828125,987.231373942044,47.11246971859296,974
1811,1811,1811,1811,1811,1811,04/15/2023,15:05:33,18.00421875,987.2626097143058,47.070436309800336,975
1812,1812,1812,1812,1812,1812,04/15/2023,15:06:02,18.0106640625,987.220097215092,47.040597905033465,974
1813,1813,1813,1813,1813,1813,04/15/2023,15:06:32,18.0024609375,987.2198303738368,47.08246732964123,974
1814,1814,1814,1814,1814,1814,04/15/2023,15:07:02,18.0301953125,987.2257949709872,47.05507419434905,972
1815,1815,1815,1815,1815,1815,04/15/2023,15:07:32,17.9883984375,987.2431061960544,47.06250161754837,973
1816,1816,1816,1816,1816,1816,04/15/2023,15:08:02,17.9923046875,987.2163350633332,47.12412148321624,973
1817,1817,1817,1817,1817,1817,04/15/2023,15:08:32,17.9821484375,987.2327757150372,47.104599824289544,972
1818,1818,1818,1818,1818,1818,04/15/2023,15:09:02,17.9878125,987.2421377119372,47.14807891000389,972
1819,1819,1819,1819,1819,1819,04/15/2023,15:09:32,18.01125,987.1878370097608,47.07736124371992,972
1820,1820,1820,1820,1820,1820,04/15/2023,15:10:02,18.0175,987.2313956971208,47.041383498911976,971
1821,1821,1821,1821,1821,1821,04/15/2023,15:10:32,17.99796875,987.2256968081908,47.1003019401569,971
1822,1822,1822,1822,1822,1822,04/15/2023,15:11:02,17.9903515625,987.2197523981806,47.07495848771835,972
1823,1823,1823,1823,1823,1823,04/15/2023,15:11:32,17.9669140625,987.2075953176616,47.15179276928289,972
1824,1824,1824,1824,1824,1824,04/15/2023,15:12:03,17.9751171875,987.1945725420102,47.177214849916695,972
1825,1825,1825,1825,1825,1825,04/15/2023,15:12:33,17.9669140625,987.1876595114478,47.1395552519639,971
1826,1826,1826,1826,1826,1826,04/15/2023,15:13:02,18.02453125,987.1832042206302,47.0788885337966,968
1827,1827,1827,1827,1827,1827,04/15/2023,15:13:32,18.0321484375,987.2157311558408,47.02472134039449,969
1828,1828,1828,1828,1828,1828,04/15/2023,15:14:02,18.0782421875,987.2254496094184,46.93831191516309,968
1829,1829,1829,1829,1829,1829,04/15/2023,15:14:32,18.1016796875,987.2176581402766,46.8493403485659,967
1830,1830,1830,1830,1830,1830,04/15/2023,15:15:02,18.1130078125,987.2230859266618,46.789556868522936,967
1831,1831,1831,1831,1831,1831,04/15/2023,15:15:32,18.0934765625,987.197454786714,46.78731974556246,969
1832,1832,1832,1832,1832,1832,04/15/2023,15:16:02,18.12375,987.2076043319196,46.74804193400937,969
1833,1833,1833,1833,1833,1833,04/15/2023,15:16:32,18.158515625,987.1919381614042,46.67876483135356,970
1834,1834,1834,1834,1834,1834,04/15/2023,15:17:02,18.19953125,987.1600019798024,46.56752102086885,969
1835,1835,1835,1835,1835,1835,04/15/2023,15:17:32,18.2141796875,987.1376720498272,46.51430289888769,969
1836,1836,1836,1836,1836,1836,04/15/2023,15:18:02,18.218671875,987.1583902737726,46.49652225631358,971
1837,1837,1837,1837,1837,1837,04/15/2023,15:18:32,18.2161328125,987.167490563358,46.45965179318051,971
1838,1838,1838,1838,1838,1838,04/15/2023,15:19:02,18.2286328125,987.1682011768372,46.43669400543757,972
1839,1839,1839,1839,1839,1839,04/15/2023,15:19:33,18.2520703125,987.173686958746,46.34795577313878,971
1840,1840,1840,1840,1840,1840,04/15/2023,15:20:02,18.27921875,987.1853022404114,46.27186050171325,969
1841,1841,1841,1841,1841,1841,04/15/2023,15:20:32,18.3071484375,987.1849085584766,46.23850060936863,967
1842,1842,1842,1842,1842,1842,04/15/2023,15:21:03,18.3196484375,987.1590190388704,46.13035452185993,967
1843,1843,1843,1843,1843,1843,04/15/2023,15:21:33,18.3083203125,987.180195962954,46.122983732887434,966
1844,1844,1844,1844,1844,1844,04/15/2023,15:22:02,18.328046875,987.1462986576568,46.070466618375534,964
1845,1845,1845,1845,1845,1845,04/15/2023,15:22:32,18.3425,987.1435805456226,45.96264345181896,963
1846,1846,1846,1846,1846,1846,04/15/2023,15:23:02,18.3817578125,987.155242431934,45.97316925768756,961
1847,1847,1847,1847,1847,1847,04/15/2023,15:23:32,18.3950390625,987.1306359273829,45.82273910915585,961
1848,1848,1848,1848,1848,1848,04/15/2023,15:24:02,18.3628125,987.1172947534563,45.95886417464696,963
1849,1849,1849,1849,1849,1849,04/15/2023,15:24:32,18.339375,987.09852314847,46.065668422689114,961
1850,1850,1850,1850,1850,1850,04/15/2023,15:25:02,18.3221875,987.0634801525314,46.167157635349085,960
1851,1851,1851,1851,1851,1851,04/15/2023,15:25:32,18.343671875,987.0856742934196,46.200034771215456,958
1852,1852,1852,1852,1852,1852,04/15/2023,15:26:02,18.35265625,987.0938672757832,46.15844613878191,958
1853,1853,1853,1853,1853,1853,04/15/2023,15:26:32,18.3462109375,987.076570499796,46.17597381587836,957
1854,1854,1854,1854,1854,1854,04/15/2023,15:27:02,18.3255078125,987.095561109928,46.20405776925413,956
1855,1855,1855,1855,1855,1855,04/15/2023,15:27:32,18.2591015625,987.105525407642,46.32438819734984,992
1856,1856,1856,1856,1856,1856,04/15/2023,15:28:03,18.2294140625,987.1030123838268,46.46116648539822,958
1857,1857,1857,1857,1857,1857,04/15/2023,15:28:33,18.2091015625,987.1026904062028,46.48323594487909,959
1858,1858,1858,1858,1858,1858,04/15/2023,15:29:02,18.2008984375,987.069193734764,46.52498335652386,958
1859,1859,1859,1859,1859,1859,04/15/2023,15:29:32,18.1989453125,987.0992049326784,46.55525480798319,959
1860,1860,1860,1860,1860,1860,04/15/2023,15:30:02,18.1946484375,987.0655149421128,46.56696329046105,960
1861,1861,1861,1861,1861,1861,04/15/2023,15:30:32,18.22296875,987.1056590574505,46.54579975292408,958
1862,1862,1862,1862,1862,1862,04/15/2023,15:31:02,18.1471875,987.0535705110096,46.57984255377199,959
1863,1863,1863,1863,1863,1863,04/15/2023,15:31:32,18.059296875,987.0944458277804,46.78340600628911,961
1864,1864,1864,1864,1864,1864,04/15/2023,15:32:02,18.0282421875,987.0630655530056,46.8959079149072,961
1865,1865,1865,1865,1865,1865,04/15/2023,15:32:32,18.0005078125,987.0571077997066,46.972176615534096,962
1866,1866,1866,1866,1866,1866,04/15/2023,15:33:02,18.003046875,987.0812405797822,46.996921191118645,963
1867,1867,1867,1867,1867,1867,04/15/2023,15:33:32,18.008125,987.096278328228,47.00973230629833,962
1868,1868,1868,1868,1868,1868,04/15/2023,15:34:02,18.008125,987.0630500035458,46.97916393779465,961
1869,1869,1869,1869,1869,1869,04/15/2023,15:34:32,18.014375,987.0800242097596,47.00433599422685,962
1870,1870,1870,1870,1870,1870,04/15/2023,15:35:03,18.0333203125,987.1246246999608,46.939268108552824,962
1871,1871,1871,1871,1871,1871,04/15/2023,15:35:33,18.0282421875,987.0962949179742,46.99370076268636,961
1872,1872,1872,1872,1872,1872,04/15/2023,15:36:02,18.014375,987.0999614063622,46.9676554799616,961
1873,1873,1873,1873,1873,1873,04/15/2023,15:36:32,18.0175,987.1184173331304,47.023038224140315,962
1874,1874,1874,1874,1874,1874,04/15/2023,15:37:02,17.99484375,987.100911836386,47.04489532179891,962
1875,1875,1875,1875,1875,1875,04/15/2023,15:37:32,18.0219921875,987.079320552052,47.0235543491762,961
1876,1876,1876,1876,1876,1876,04/15/2023,15:38:02,17.9815625,987.0723174268836,46.98834119105877,963
1877,1877,1877,1877,1877,1877,04/15/2023,15:38:32,17.97140625,987.0754689451694,47.07889709730732,963
1878,1878,1878,1878,1878,1878,04/15/2023,15:39:02,17.9833203125,987.0552862018418,47.074150215771695,961
1879,1879,1879,1879,1879,1879,04/15/2023,15:39:32,18.0036328125,987.062272045743,47.02755985182372,960
1880,1880,1880,1880,1880,1880,04/15/2023,15:40:02,17.9770703125,987.0715389193588,47.06731565825089,961
1881,1881,1881,1881,1881,1881,04/15/2023,15:40:32,17.9555859375,987.0559689213036,47.0954284616712,963
1882,1882,1882,1882,1882,1882,04/15/2023,15:41:02,17.992890625,987.0777475008484,47.069134047027646,962
1883,1883,1883,1883,1883,1883,04/15/2023,15:41:32,17.9973828125,987.0652346595842,47.02684185363077,961
1884,1884,1884,1884,1884,1884,04/15/2023,15:42:02,17.979609375,987.0557989331414,47.07984005157629,961
1885,1885,1885,1885,1885,1885,04/15/2023,15:42:32,17.96828125,987.0703044551556,47.09077108596271,960
1886,1886,1886,1886,1886,1886,04/15/2023,15:43:02,18.009296875,987.091569297144,47.01598124484961,959
1887,1887,1887,1887,1887,1887,04/15/2023,15:43:32,17.999140625,987.0681395796788,47.01481468308047,961
1888,1888,1888,1888,1888,1888,04/15/2023,15:44:03,17.943671875,987.0429243840332,47.124645377654474,960
1889,1889,1889,1889,1889,1889,04/15/2023,15:44:33,17.9544140625,987.0606773446856,47.17483146805866,962
1890,1890,1890,1890,1890,1890,04/15/2023,15:45:02,17.9391796875,987.0487903348184,47.16083940817549,961
1891,1891,1891,1891,1891,1891,04/15/2023,15:45:32,17.917109375,987.0455395723258,47.1888971382874,963
1892,1892,1892,1892,1892,1892,04/15/2023,15:46:02,17.9352734375,987.0024652892964,47.20934929979643,962
1893,1893,1893,1893,1893,1893,04/15/2023,15:46:32,17.908125,987.0041128054424,47.21234419343196,962
1894,1894,1894,1894,1894,1894,04/15/2023,15:47:02,17.874140625,987.054257752566,47.28189178573844,962
1895,1895,1895,1895,1895,1895,04/15/2023,15:47:32,17.9024609375,987.0279749721587,47.2790322530213,961
1896,1896,1896,1896,1896,1896,04/15/2023,15:48:02,17.870234375,987.007936252952,47.29368790288,962
1897,1897,1897,1897,1897,1897,04/15/2023,15:48:32,17.8798046875,987.0303975399438,47.362161662781915,962
1898,1898,1898,1898,1898,1898,04/15/2023,15:49:02,17.896796875,987.0186140894612,47.32737020282646,961
1899,1899,1899,1899,1899,1899,04/15/2023,15:49:32,17.8860546875,987.0340827057285,47.326131366727296,961
1900,1900,1900,1900,1900,1900,04/15/2023,15:50:02,17.8829296875,987.0023405403908,47.338020540851225,959
1901,1901,1901,1901,1901,1901,04/15/2023,15:50:32,17.8594921875,987.0234031663426,47.38432241294868,961
1902,1902,1902,1902,1902,1902,04/15/2023,15:51:02,17.905,987.0055929075248,47.3283163281127,960
1903,1903,1903,1903,1903,1903,04/15/2023,15:51:32,17.9137890625,986.97360543766,47.2742148156318,959
1904,1904,1904,1904,1904,1904,04/15/2023,15:52:02,17.9024609375,987.0080413026288,47.266786630633334,958
1905,1905,1905,1905,1905,1905,04/15/2023,15:52:32,17.8930859375,986.9659699476368,47.29019815355944,959
1906,1906,1906,1906,1906,1906,04/15/2023,15:53:03,17.890546875,986.9484850647336,47.32052487875772,960
1907,1907,1907,1907,1907,1907,04/15/2023,15:53:33,17.8860546875,986.9477057663398,47.29551117022021,960
1908,1908,1908,1908,1908,1908,04/15/2023,15:54:02,17.88859375,986.965190572784,47.344798992912914,958
1909,1909,1909,1909,1909,1909,04/15/2023,15:54:32,17.90890625,986.978825459694,47.27977508124125,958
1910,1910,1910,1910,1910,1910,04/15/2023,15:55:02,17.899921875,986.9373999411516,47.29098607540518,957
1911,1911,1911,1911,1911,1911,04/15/2023,15:55:32,17.9329296875,986.9454331698284,47.270297969789674,957
1912,1912,1912,1912,1912,1912,04/15/2023,15:56:02,17.906953125,986.9157964821642,47.25505939556159,957
1913,1913,1913,1913,1913,1913,04/15/2023,15:56:32,17.9485546875,986.8981583890828,47.22312110488911,956
1914,1914,1914,1914,1914,1914,04/15/2023,15:57:02,17.9493359375,986.8994493200472,47.1620080982606,957
1915,1915,1915,1915,1915,1915,04/15/2023,15:57:32,17.91125,986.8896739515026,47.22494586975628,957
1916,1916,1916,1916,1916,1916,04/15/2023,15:58:02,17.903828125,986.890698823586,47.24857731916448,958
1917,1917,1917,1917,1917,1917,04/15/2023,15:58:32,17.9126171875,986.8587100256398,47.27407975764485,956
1918,1918,1918,1918,1918,1918,04/15/2023,15:59:02,17.9227734375,986.8954263634428,47.232394340715246,955
1919,1919,1919,1919,1919,1919,04/15/2023,15:59:32,17.9024609375,986.8950841291496,47.230054999982286,956
1920,1920,1920,1920,1920,1920,04/15/2023,16:00:03,17.89875,986.9022409064416,47.26635905311706,956
1921,1921,1921,1921,1921,1921,04/15/2023,16:00:33,17.8981640625,986.9012726533972,47.26629154257668,957
1922,1922,1922,1922,1922,1922,04/15/2023,16:01:02,17.9309765625,986.8691125904264,47.2333392321999,956
1923,1923,1923,1923,1923,1923,04/15/2023,16:01:32,17.9708203125,986.895078717356,47.18284014224605,956
1924,1924,1924,1924,1924,1924,04/15/2023,16:02:03,18.0485546875,986.9105427326466,47.01437695855753,954
1925,1925,1925,1925,1925,1925,04/15/2023,16:02:33,18.1079296875,986.8557726511611,46.85005696809095,953
1926,1926,1926,1926,1926,1926,04/15/2023,16:03:02,18.14328125,986.8543523777466,46.74417239036645,952
1927,1927,1927,1927,1927,1927,04/15/2023,16:03:32,18.2153515625,986.8404580105168,46.59373023465484,952
1928,1928,1928,1928,1928,1928,04/15/2023,16:04:02,18.25265625,986.8223019157904,46.43943326454893,950
1929,1929,1929,1929,1929,1929,04/15/2023,16:04:32,18.2368359375,986.8094670164272,46.40715448817269,951
1930,1930,1930,1930,1930,1930,04/15/2023,16:05:02,18.2653515625,986.8499195229152,46.36774682639105,950
1931,1931,1931,1931,1931,1931,04/15/2023,16:05:32,18.2325390625,986.8289613790124,46.37010257716068,950
1932,1932,1932,1932,1932,1932,04/15/2023,16:06:02,18.2274609375,986.8072777172866,46.3938979917449,949
1933,1933,1933,1933,1933,1933,04/15/2023,16:06:32,18.2376171875,986.810757438718,46.37068091842053,950
1934,1934,1934,1934,1934,1934,04/15/2023,16:07:02,18.245234375,986.8033949366296,46.34108521311492,951
1935,1935,1935,1935,1935,1935,04/15/2023,16:07:32,18.3173046875,986.816056012578,46.23965560011131,948
1936,1936,1936,1936,1936,1936,04/15/2023,16:08:02,18.3368359375,986.76852622585,46.07754674428102,947
1937,1937,1937,1937,1937,1937,04/15/2023,16:08:32,18.38546875,986.7756997792594,45.99183067729216,947
1938,1938,1938,1938,1938,1938,04/15/2023,16:09:03,18.4575390625,986.7816664647216,45.86626126107002,945
1939,1939,1939,1939,1939,1939,04/15/2023,16:09:33,18.492890625,986.8267420462472,45.742691115120536,943
1940,1940,1940,1940,1940,1940,04/15/2023,16:10:02,18.503046875,986.7969582504784,45.64670378883343,942
1941,1941,1941,1941,1941,1941,04/15/2023,16:10:32,18.5346875,986.76274175741,45.55925455150407,941
1942,1942,1942,1942,1942,1942,04/15/2023,16:11:02,18.483515625,986.7846589520911,45.54136056440768,942
1943,1943,1943,1943,1943,1943,04/15/2023,16:11:32,18.410078125,986.7830917986436,45.715126986631894,942
1944,1944,1944,1944,1944,1944,04/15/2023,16:12:02,18.3583203125,986.7907094000328,45.94619742227055,942
1945,1945,1945,1945,1945,1945,04/15/2023,16:12:32,18.2989453125,986.745842098995,46.14626019086192,943
1946,1946,1946,1946,1946,1946,04/15/2023,16:13:02,18.29953125,986.7667555814156,46.201105469223435,944
1947,1947,1947,1947,1947,1947,04/15/2023,16:13:32,18.3083203125,986.7746225923048,46.196016764456864,943
1948,1948,1948,1948,1948,1948,04/15/2023,16:14:02,18.2925,986.7684401195294,46.224657960048376,944
1949,1949,1949,1949,1949,1949,04/15/2023,16:14:32,18.288203125,986.7679919953848,46.26070296175622,943
1950,1950,1950,1950,1950,1950,04/15/2023,16:15:02,18.2887890625,986.7423657782488,46.260769604862936,944
1951,1951,1951,1951,1951,1951,04/15/2023,16:15:32,18.233125,986.7568021074376,46.3397067323916,945
1952,1952,1952,1952,1952,1952,04/15/2023,16:16:02,18.155390625,986.75470869109,46.53808462499099,947
1953,1953,1953,1953,1953,1953,04/15/2023,16:16:32,18.1364453125,986.7632965221184,46.615218604084504,947
1954,1954,1954,1954,1954,1954,04/15/2023,16:17:02,18.145234375,986.7445796922996,46.610121694714834,947
1955,1955,1955,1955,1955,1955,04/15/2023,16:17:32,18.16046875,986.7564495650964,46.599660460516105,946
1956,1956,1956,1956,1956,1956,04/15/2023,16:18:03,18.1458203125,986.7389005387354,46.60408775984182,946
1957,1957,1957,1957,1957,1957,04/15/2023,16:18:33,18.112421875,986.7169672045912,46.655185424532824,946
1958,1958,1958,1958,1958,1958,04/15/2023,16:19:02,18.08078125,986.7245202424732,46.73091376280061,947
1959,1959,1959,1959,1959,1959,04/15/2023,16:19:32,18.0731640625,986.7052913654984,46.76056868383928,948
1960,1960,1960,1960,1960,1960,04/15/2023,16:20:02,18.035859375,986.6901908193096,46.86012290040091,947
1961,1961,1961,1961,1961,1961,04/15/2023,16:20:32,18.0290234375,986.7187732547304,46.90821856431378,949
1962,1962,1962,1962,1962,1962,04/15/2023,16:21:02,18.0055859375,986.719928964803,46.92386341201552,952
1963,1963,1963,1963,1963,1963,04/15/2023,16:21:32,17.9954296875,986.683214557274,46.98993305982192,951
1964,1964,1964,1964,1964,1964,04/15/2023,16:22:02,17.97140625,986.6634645767226,47.01162977740026,951
1965,1965,1965,1965,1965,1965,04/15/2023,16:22:32,17.97765625,986.6472084403608,47.049035840591195,952
1966,1966,1966,1966,1966,1966,04/15/2023,16:23:02,17.958125,986.6548144939516,47.08960355102715,951
1967,1967,1967,1967,1967,1967,04/15/2023,16:23:32,17.9555859375,986.6373299939072,47.08931168896427,952
1968,1968,1968,1968,1968,1968,04/15/2023,16:24:02,17.996015625,986.6177281961374,47.03891470086329,951
1969,1969,1969,1969,1969,1969,04/15/2023,16:24:32,17.99796875,986.587727279288,47.014680088708445,952
1970,1970,1970,1970,1970,1970,04/15/2023,16:25:03,17.986640625,986.6288234073436,47.00726502609612,952
1971,1971,1971,1971,1971,1971,04/15/2023,16:25:33,18.008125,986.5978578936524,47.00973230629833,952
1972,1972,1972,1972,1972,1972,04/15/2023,16:26:02,17.979609375,986.6172085916936,47.01868589947161,952
1973,1973,1973,1973,1973,1973,04/15/2023,16:26:32,17.9227734375,986.6097043025572,47.116124855052334,953
1974,1974,1974,1974,1974,1974,04/15/2023,16:27:02,17.9587109375,986.6225572417694,47.08355431424989,953
1975,1975,1975,1975,1975,1975,04/15/2023,16:27:32,17.959296875,986.5969450054672,47.04692665809969,954
1976,1976,1976,1976,1976,1976,04/15/2023,16:28:02,17.9442578125,986.6053267119404,47.08800964076408,954
1977,1977,1977,1977,1977,1977,04/15/2023,16:28:32,17.9278515625,986.5915143655484,47.06166059982123,954
1978,1978,1978,1978,1978,1978,04/15/2023,16:29:02,17.883515625,986.5847177751816,47.19115115812858,956
1979,1979,1979,1979,1979,1979,04/15/2023,16:29:32,17.8891796875,986.5807861903018,47.210163323967656,957
1980,1980,1980,1980,1980,1980,04/15/2023,16:30:02,17.93859375,986.5627460291686,47.17301059362296,956
1981,1981,1981,1981,1981,1981,04/15/2023,16:30:32,17.986640625,986.5490795914528,47.10511646624593,954
1982,1982,1982,1982,1982,1982,04/15/2023,16:31:02,17.99484375,986.5759200032796,47.00820700542554,1006
1983,1983,1983,1983,1983,1983,04/15/2023,16:31:32,17.943671875,986.577779290878,47.08794229813719,955
1984,1984,1984,1984,1984,1984,04/15/2023,16:32:02,17.9270703125,986.590223794685,47.153327309640574,955
1985,1985,1985,1985,1985,1985,04/15/2023,16:32:32,17.9626171875,986.5426241951434,47.04730807245319,953
1986,1986,1986,1986,1986,1986,04/15/2023,16:33:02,17.9618359375,986.554623836002,47.04110322674765,955
1987,1987,1987,1987,1987,1987,04/15/2023,16:33:32,17.910078125,986.542220466322,47.10243148195323,957
1988,1988,1988,1988,1988,1988,04/15/2023,16:34:03,17.92453125,986.5594507569878,47.15303522967422,955
1989,1989,1989,1989,1989,1989,04/15/2023,16:34:33,17.963203125,986.5037216873612,47.090187301158544,955
1990,1990,1990,1990,1990,1990,04/15/2023,16:35:02,17.91515625,986.5173861199864,47.127484222714635,956
1991,1991,1991,1991,1991,1991,04/15/2023,16:35:32,17.9618359375,986.5014634680732,47.12061654218507,954
1992,1992,1992,1992,1992,1992,04/15/2023,16:36:02,18.03078125,986.5355951226908,46.951200921753006,954
1993,1993,1993,1993,1993,1993,04/15/2023,16:36:32,18.0219921875,986.4612676907938,46.93185664498442,956
1994,1994,1994,1994,1994,1994,04/15/2023,16:37:02,17.996015625,986.4981108690956,46.97777391594178,956
1995,1995,1995,1995,1995,1995,04/15/2023,16:37:32,17.959296875,986.5238496979592,47.04081158774889,957
1996,1996,1996,1996,1996,1996,04/15/2023,16:38:02,17.9012890625,986.5011243379184,47.1625992821525,957
1997,1997,1997,1997,1997,1997,04/15/2023,16:38:32,17.874140625,986.5559420386744,47.263524009421474,958
1998,1998,1998,1998,1998,1998,04/15/2023,16:39:02,17.874140625,986.529365467401,47.2880148142309,958
1999,1999,1999,1999,1999,1999,04/15/2023,16:39:32,17.923359375,986.544225647139,47.20185692646929,956
2000,2000,2000,2000,2000,2000,04/15/2023,16:40:02,17.913203125,986.547382603529,47.18844756872094,957
2001,2001,2001,2001,2001,2001,04/15/2023,16:40:32,17.9012890625,986.5277020034738,47.23604143438297,958
2002,2002,2002,2002,2002,2002,04/15/2023,16:41:03,17.9221875,986.5555791541032,47.25681464769237,958
2003,2003,2003,2003,2003,2003,04/15/2023,16:41:33,17.963203125,986.4970766342568,47.09630416225777,958
2004,2004,2004,2004,2004,2004,04/15/2023,16:42:02,17.916328125,986.5591893321428,47.14597314690653,958
2005,2005,2005,2005,2005,2005,04/15/2023,16:42:32,17.9352734375,986.5439717701988,47.14815229308572,957
2006,2006,2006,2006,2006,2006,04/15/2023,16:43:03,17.9208203125,986.520097601252,47.128135463386656,957
2007,2007,2007,2007,2007,2007,04/15/2023,16:43:33,17.9044140625,986.552797483254,47.17519699034871,958
2008,2008,2008,2008,2008,2008,04/15/2023,16:44:02,17.9094921875,986.567830612258,47.175781256896066,957
2009,2009,2009,2009,2009,2009,04/15/2023,16:44:32,17.8981640625,986.5491174584917,47.198956767756755,958
2010,2010,2010,2010,2010,2010,04/15/2023,16:45:02,17.8841015625,986.5591087293736,47.240183653220384,958
2011,2011,2011,2011,2011,2011,04/15/2023,16:45:32,17.8778515625,986.5886491524692,47.28844244046162,957
2012,2012,2012,2012,2012,2012,04/15/2023,16:46:02,17.896796875,986.6066584543696,47.23552411035516,958
2013,2013,2013,2013,2013,2013,04/15/2023,16:46:32,17.8930859375,986.5739505539204,47.271829064083306,957
2014,2014,2014,2014,2014,2014,04/15/2023,16:47:02,17.930390625,986.6023534635611,47.21490789570608,956
2015,2015,2015,2015,2015,2015,04/15/2023,16:47:32,18.0055859375,986.6136004256554,47.088943586813926,955
2016,2016,2016,2016,2016,2016,04/15/2023,16:48:02,18.05734375,986.579467651184,46.94202517208705,955
2017,2017,2017,2017,2017,2017,04/15/2023,16:48:32,18.1110546875,986.5950696860596,46.789333133304545,954
2018,2018,2018,2018,2018,2018,04/15/2023,16:49:02,18.115546875,986.5493158749352,46.7348919654082,954
2019,2019,2019,2019,2019,2019,04/15/2023,16:49:32,18.105390625,986.5591286850296,46.70931098665291,955
2020,2020,2020,2020,2020,2020,04/15/2023,16:50:03,18.145234375,986.5584644176796,46.65893650894809,955
2021,2021,2021,2021,2021,2021,04/15/2023,16:50:33,18.1415234375,986.5789234843068,46.621900047013014,954
2022,2022,2022,2022,2022,2022,04/15/2023,16:51:02,18.15734375,986.551874748836,46.57490246242164,955
2023,2023,2023,2023,2023,2023,04/15/2023,16:51:32,18.1731640625,986.5912960178354,46.52181808118086,954
2024,2024,2024,2024,2024,2024,04/15/2023,16:52:02,18.174921875,986.5875517792892,46.467145024532066,954
2025,2025,2025,2025,2025,2025,04/15/2023,16:52:32,18.1864453125,986.6265248553548,46.413601685927055,954
2026,2026,2026,2026,2026,2026,04/15/2023,16:53:02,18.21671875,986.5967503312728,46.350023415496366,954
2027,2027,2027,2027,2027,2027,04/15/2023,16:53:32,18.2591015625,986.6401508411836,46.25739359113821,953
2028,2028,2028,2028,2028,2028,04/15/2023,16:54:02,18.2899609375,986.6844647945026,46.19393071481314,953
2029,2029,2029,2029,2029,2029,04/15/2023,16:54:32,18.32296875,986.6525411430732,46.05772516098045,951
2030,2030,2030,2030,2030,2030,04/15/2023,16:55:02,18.3532421875,986.6559891983052,45.99425959858266,951
2031,2031,2031,2031,2031,2031,04/15/2023,16:55:32,18.37921875,986.6124421141924,45.86955422743672,950
2032,2032,2032,2032,2032,2032,04/15/2023,16:56:02,18.3911328125,986.6587123876944,45.846597900172235,949
2033,2033,2033,2033,2033,2033,04/15/2023,16:56:32,18.3848828125,986.6350933540548,45.87627117363828,952
2034,2034,2034,2034,2034,2034,04/15/2023,16:57:02,18.389375,986.6491603471736,45.876779272876945,952
2035,2035,2035,2035,2035,2035,04/15/2023,16:57:32,18.37921875,986.619091499332,45.86347810852617,952
2036,2036,2036,2036,2036,2036,04/15/2023,16:58:02,18.3942578125,986.6173256383832,45.901639817737845,952
2037,2037,2037,2037,2037,2037,04/15/2023,16:58:32,18.4216015625,986.6491749876034,45.862195262202725,951
2038,2038,2038,2038,2038,2038,04/15/2023,16:59:03,18.4284375,986.5873133412698,45.86904503277736,951
2039,2039,2039,2039,2039,2039,04/15/2023,16:59:33,18.4044140625,986.6473944980384,45.921023023252445,952
2040,2040,2040,2040,2040,2040,04/15/2023,17:00:02,18.3645703125,986.614852067894,46.01986741541692,952
2041,2041,2041,2041,2041,2041,04/15/2023,17:00:32,18.3602734375,986.6277046454852,46.074122302137226,952
2042,2042,2042,2042,2042,2042,04/15/2023,17:01:02,18.3633984375,986.6062678486364,46.068393516129454,951
2043,2043,2043,2043,2043,2043,04/15/2023,17:01:32,18.3399609375,986.6074622080132,46.08398475901261,953
2044,2044,2044,2044,2044,2044,04/15/2023,17:02:02,18.2602734375,986.5955490183464,46.22099536234383,954
2045,2045,2045,2045,2045,2045,04/15/2023,17:02:32,18.218671875,986.5733849160132,46.32587853712762,955
2046,2046,2046,2046,2046,2046,04/15/2023,17:03:02,18.195234375,986.5812129865704,46.42069743872637,955
2047,2047,2047,2047,2047,2047,04/15/2023,17:03:32,18.1971875,986.6043809554204,46.457491534062726,955
2048,2048,2048,2048,2048,2048,04/15/2023,17:04:02,18.1565625,986.597114044105,46.501631327301816,956
2049,2049,2049,2049,2049,2049,04/15/2023,17:04:32,18.135859375,986.5961565414613,46.58464894840329,956
2050,2050,2050,2050,2050,2050,04/15/2023,17:05:02,18.135078125,986.601513106098,46.57845985984444,956
2051,2051,2051,2051,2051,2051,04/15/2023,17:05:32,18.1262890625,986.5936440403912,46.63236225945184,957
2052,2052,2052,2052,2052,2052,04/15/2023,17:06:02,18.12375,986.5894505646986,46.63817383877221,957
2053,2053,2053,2053,2053,2053,04/15/2023,17:06:32,18.0926953125,986.5581008213064,46.713963033400645,958
2054,2054,2054,2054,2054,2054,04/15/2023,17:07:02,18.0801953125,986.5706874384368,46.74305677110868,958
2055,2055,2055,2055,2055,2055,04/15/2023,17:07:32,18.065546875,986.5797243840228,46.74748589397957,958
2056,2056,2056,2056,2056,2056,04/15/2023,17:08:03,18.0794140625,986.5627508316226,46.77960268397952,959
2057,2057,2057,2057,2057,2057,04/15/2023,17:08:33,18.06046875,986.5447527154948,46.75301020660237,959
2058,2058,2058,2058,2058,2058,04/15/2023,17:09:02,18.020625,986.5520487823164,46.82172763486693,960
2059,2059,2059,2059,2059,2059,04/15/2023,17:09:32,18.008125,986.544693608175,46.91804356338596,961
2060,2060,2060,2060,2060,2060,04/15/2023,17:10:02,18.00734375,986.5434032068227,46.91184314092934,960
2061,2061,2061,2061,2061,2061,04/15/2023,17:10:32,17.9942578125,986.5151436884278,46.947010045922426,961
2062,2062,2062,2062,2062,2062,04/15/2023,17:11:02,17.9758984375,986.5379813327994,46.98157798405949,963
2063,2063,2063,2063,2063,2063,04/15/2023,17:11:32,17.970234375,986.5419159455907,47.01149522665884,963
2064,2064,2064,2064,2064,2064,04/15/2023,17:12:02,17.966328125,986.5155284263057,47.02938957526635,963
2065,2065,2065,2065,2065,2065,04/15/2023,17:12:32,17.970234375,986.5153354136228,47.072646108764225,963
2066,2066,2066,2066,2066,2066,04/15/2023,17:13:02,17.9618359375,986.5213985933816,47.04721832656683,963
2067,2067,2067,2067,2067,2067,04/15/2023,17:13:32,17.9378125,986.5016523234516,47.08115254895315,963
2068,2068,2068,2068,2068,2068,04/15/2023,17:14:02,17.986640625,986.5092077747062,47.02560791676904,962
2069,2069,2069,2069,2069,2069,04/15/2023,17:14:32,17.9669140625,986.5164962430804,47.02334236350627,965
2070,2070,2070,2070,2070,2070,04/15/2023,17:15:03,17.9145703125,986.496484593922,47.09071449220501,964
2071,2071,2071,2071,2071,2071,04/15/2023,17:15:33,17.890546875,986.5166016168436,47.17360167024472,964
2072,2072,2072,2072,2072,2072,04/15/2023,17:16:02,17.9188671875,986.536805180882,47.17074059279675,965
2073,2073,2073,2073,2073,2073,04/15/2023,17:16:32,17.880390625,986.5131132021124,47.17243343118987,965
2074,2074,2074,2074,2074,2074,04/15/2023,17:17:02,17.91828125,986.4561022462648,47.23799851496511,965
2075,2075,2075,2075,2075,2075,04/15/2023,17:17:32,17.9708203125,986.463142192866,47.10941449439133,965
2076,2076,2076,2076,2076,2076,04/15/2023,17:18:02,18.0239453125,986.45784771381,46.96875404263457,965
2077,2077,2077,2077,2077,2077,04/15/2023,17:18:32,17.9878125,986.4712715231014,46.9646070515748,963
2078,2078,2078,2078,2078,2078,04/15/2023,17:19:02,17.9493359375,986.4475924686768,46.984642774447714,965
2079,2079,2079,2079,2079,2079,04/15/2023,17:19:32,17.917109375,986.460811192987,47.10935653178706,964
2080,2080,2080,2080,2080,2080,04/15/2023,17:20:02,17.9024609375,986.4698379714164,47.13214238600696,965
2081,2081,2081,2081,2081,2081,04/15/2023,17:20:32,17.9005078125,986.4732562400312,47.223708940555404,966
2082,2082,2082,2082,2082,2082,04/15/2023,17:21:02,17.8841015625,986.4660893947276,47.17286027165027,966
2083,2083,2083,2083,2083,2083,04/15/2023,17:21:32,17.855,986.45123926936,47.24907589092782,967
2084,2084,2084,2084,2084,2084,04/15/2023,17:22:03,17.8524609375,986.460332959922,47.29163994406446,967
2085,2085,2085,2085,2085,2085,04/15/2023,17:22:33,17.9126171875,986.4401022515492,47.23734611149885,965
2086,2086,2086,2086,2086,2086,04/15/2023,17:23:02,17.8891796875,986.4346118222312,47.17956367451651,965
2087,2087,2087,2087,2087,2087,04/15/2023,17:23:32,17.8665234375,986.4436979429372,47.23815970088946,967
2088,2088,2088,2088,2088,2088,04/15/2023,17:24:02,17.8790234375,986.42448049765,47.257964240784915,967
2089,2089,2089,2089,2089,2089,04/15/2023,17:24:32,17.8665234375,986.4702741120664,47.256524594117984,967
2090,2090,2090,2090,2090,2090,04/15/2023,17:25:02,17.863984375,986.432859913125,47.27459896039822,968
2091,2091,2091,2091,2091,2091,04/15/2023,17:25:32,17.8360546875,986.4066575303524,47.33261564773456,968
2092,2092,2092,2092,2092,2092,04/15/2023,17:26:02,17.86828125,986.4266693322018,47.317957728751125,967
2093,2093,2093,2093,2093,2093,04/15/2023,17:26:32,17.856953125,986.4411776233276,47.26766663859378,968
2094,2094,2094,2094,2094,2094,04/15/2023,17:27:02,17.84875,986.4010522418424,47.28508944955495,969
2095,2095,2095,2095,2095,2095,04/15/2023,17:27:32,17.8128125,986.4147707880396,47.36056041572227,969
2096,2096,2096,2096,2096,2096,04/15/2023,17:28:02,17.8512890625,986.332163685258,47.36499773191761,967
2097,2097,2097,2097,2097,2097,04/15/2023,17:28:32,17.8784375,986.350427052994,47.2762640237323,967
2098,2098,2098,2098,2098,2098,04/15/2023,17:29:02,17.90890625,986.3343059246324,47.23079723052105,968
2099,2099,2099,2099,2099,2099,04/15/2023,17:29:32,17.9505078125,986.3764341129812,47.107078786732,965
2100,2100,2100,2100,2100,2100,04/15/2023,17:30:02,17.9315625,986.351789968118,47.10490079039385,965
2101,2101,2101,2101,2101,2101,04/15/2023,17:30:32,17.873359375,986.31546357258,47.171624731743336,966
2102,2102,2102,2102,2102,2102,04/15/2023,17:31:03,17.8583203125,986.3238450623752,47.2372153325004,968
2103,2103,2103,2103,2103,2103,04/15/2023,17:31:33,17.8626171875,986.3508737916388,47.28668704080239,967
2104,2104,2104,2104,2104,2104,04/15/2023,17:32:02,17.851875,986.306556022634,47.27932667688201,967
2105,2105,2105,2105,2105,2105,04/15/2023,17:32:32,17.8872265625,986.2918568845904,47.234422076029375,966
2106,2106,2106,2106,2106,2106,04/15/2023,17:33:03,17.877265625,986.3019827134184,47.23939651110203,968
2107,2107,2107,2107,2107,2107,04/15/2023,17:33:33,17.8911328125,986.28501962094,47.240993350894286,967
2108,2108,2108,2108,2108,2108,04/15/2023,17:34:02,17.9270703125,986.244701559566,47.202284153921894,966
2109,2109,2109,2109,2109,2109,04/15/2023,17:34:32,17.9544140625,986.2366973562708,47.10752791818169,966
2110,2110,2110,2110,2110,2110,04/15/2023,17:35:02,17.939765625,986.2656663015212,47.10584378108197,966
2111,2111,2111,2111,2111,2111,04/15/2023,17:35:32,17.90890625,986.227994950274,47.15735663685814,967
2112,2112,2112,2112,2112,2112,04/15/2023,17:36:02,17.9618359375,986.2423082218858,47.12673447830225,965
2113,2113,2113,2113,2113,2113,04/15/2023,17:36:32,18.016328125,986.2259641067116,46.9801056772484,965
2114,2114,2114,2114,2114,2114,04/15/2023,17:37:02,18.046015625,986.2882757289868,46.91016751722478,965
2115,2115,2115,2115,2115,2115,04/15/2023,17:37:32,18.0813671875,986.2602490135372,46.77982631395179,965
2116,2116,2116,2116,2116,2116,04/15/2023,17:38:02,18.1313671875,986.2497520235396,46.681763050931494,963
2117,2117,2117,2117,2117,2117,04/15/2023,17:38:32,18.151484375,986.2896130267656,46.58643330434688,964
2118,2118,2118,2118,2118,2118,04/15/2023,17:39:02,18.208515625,986.2574725438992,46.53195142510856,962
2119,2119,2119,2119,2119,2119,04/15/2023,17:39:32,18.238203125,986.2665968747564,46.364654641859374,960
2120,2120,2120,2120,2120,2120,04/15/2023,17:40:03,18.238203125,986.246653368964,46.32810115982177,959
2121,2121,2121,2121,2121,2121,04/15/2023,17:40:33,18.3051953125,986.277465374272,46.19566166079237,958
2122,2122,2122,2122,2122,2122,04/15/2023,17:41:02,18.390546875,986.2521277271431,45.986325571954595,956
2123,2123,2123,2123,2123,2123,04/15/2023,17:41:32,18.4341015625,986.2375702394984,45.84538100933116,953
2124,2124,2124,2124,2124,2124,04/15/2023,17:42:02,18.4442578125,986.2875826893132,45.791855474909525,954
2125,2125,2125,2125,2125,2125,04/15/2023,17:42:32,18.4253125,986.256313051553,45.789714767972995,954
2126,2126,2126,2126,2126,2126,04/15/2023,17:43:02,18.529609375,986.2355860915308,45.67397991857858,952
2127,2127,2127,2127,2127,2127,04/15/2023,17:43:32,18.57765625,986.261667816345,45.45492972703134,950
2128,2128,2128,2128,2128,2128,04/15/2023,17:44:02,18.582734375,986.250093816109,45.41306598543091,950
2129,2129,2129,2129,2129,2129,04/15/2023,17:44:32,18.5352734375,986.2515843857624,45.474414004517946,950
2130,2130,2130,2130,2130,2130,04/15/2023,17:45:02,18.5731640625,986.2276493983012,45.46655040693354,951
2131,2131,2131,2131,2131,2131,04/15/2023,17:45:32,18.5954296875,986.224483310234,45.36600804325239,950
2132,2132,2132,2132,2132,2132,04/15/2023,17:46:02,18.563203125,986.2378166072278,45.36844769565282,947
2133,2133,2133,2133,2133,2133,04/15/2023,17:46:32,18.50109375,986.215129430244,45.543339450904206,949
2134,2134,2134,2134,2134,2134,04/15/2023,17:47:02,18.4126171875,986.2087608309585,45.77613384103031,951
2135,2135,2135,2135,2135,2135,04/15/2023,17:47:32,18.3942578125,986.2183562160476,45.9137952428572,952
2136,2136,2136,2136,2136,2136,04/15/2023,17:48:02,18.371015625,986.2398378701258,45.96587264707156,952
2137,2137,2137,2137,2137,2137,04/15/2023,17:48:32,18.2887890625,986.2237893268556,46.07209787141481,953
2138,2138,2138,2138,2138,2138,04/15/2023,17:49:03,18.21671875,986.2244818083432,46.24648728891345,955
2139,2139,2139,2139,2139,2139,04/15/2023,17:49:33,18.181953125,986.1870319739256,46.40699586049765,955
2140,2140,2140,2140,2140,2140,04/15/2023,17:50:02,18.161640625,986.2199699525244,46.49001646755626,956
2141,2141,2141,2141,2141,2141,04/15/2023,17:50:32,18.1471875,986.2094028814856,46.54324701281459,956
2142,2142,2142,2142,2142,2142,04/15/2023,17:51:02,18.0940625,986.1881618858948,46.628680459883384,958
2143,2143,2143,2143,2143,2143,04/15/2023,17:51:32,18.066328125,986.2221256488848,46.70484355526999,958
2144,2144,2144,2144,2144,2144,04/15/2023,17:52:02,18.0669140625,986.169924696676,46.74764232959995,958
2145,2145,2145,2145,2145,2145,04/15/2023,17:52:32,18.0485546875,986.2060719780488,46.76996393517171,959
2146,2146,2146,2146,2146,2146,04/15/2023,17:53:02,18.049140625,986.2070394164756,46.782243367367165,958
2147,2147,2147,2147,2147,2147,04/15/2023,17:53:32,17.9923046875,986.1862972665426,46.86735032275733,959
2148,2148,2148,2148,2148,2148,04/15/2023,17:54:02,17.9909375,986.1707493042744,46.92829461421907,960
2149,2149,2149,2149,2149,2149,04/15/2023,17:54:32,18.013203125,986.1809311981564,46.91862594441903,959
2150,2150,2150,2150,2150,2150,04/15/2023,17:55:02,17.992890625,986.180619464444,46.90407552465841,961
2151,2151,2151,2151,2151,2151,04/15/2023,17:55:32,17.9872265625,986.1646220378332,46.98899135980375,962
2152,2152,2152,2152,2152,2152,04/15/2023,17:56:03,18.008125,986.1725466359972,46.93026589292383,961
2153,2153,2153,2153,2153,2153,04/15/2023,17:56:33,18.008125,986.1592557706311,46.91804356338596,963
2154,2154,2154,2154,2154,2154,04/15/2023,17:57:02,18.038984375,986.2035620476044,46.8788093899033,962
2155,2155,2155,2155,2155,2155,04/15/2023,17:57:32,17.9985546875,986.1567450253316,46.91083536670375,961
2156,2156,2156,2156,2156,2156,04/15/2023,17:58:02,17.946796875,986.1443814093764,46.990464404958985,963
2157,2157,2157,2157,2157,2157,04/15/2023,17:58:32,17.943671875,986.125931980848,47.03901707687283,962
2158,2158,2158,2158,2158,2158,04/15/2023,17:59:02,17.930390625,986.143870444396,47.09253246949706,963
2159,2159,2159,2159,2159,2159,04/15/2023,17:59:32,17.959296875,986.138441455058,47.03469673557533,962
2160,2160,2160,2160,2160,2160,04/15/2023,18:00:02,17.9462109375,986.1234795725054,47.05153871772887,962
2161,2161,2161,2161,2161,2161,04/15/2023,18:00:32,17.9493359375,986.108704953907,47.02743829419498,962
2162,2162,2162,2162,2162,2162,04/15/2023,18:01:02,17.94171875,986.1027728843684,47.03879278607785,963
2163,2163,2163,2163,2163,2163,04/15/2023,18:01:32,17.953046875,986.1015424345986,47.027864402937304,961
2164,2164,2164,2164,2164,2164,04/15/2023,18:02:02,17.9239453125,986.0734270365306,47.091791771439574,963
2165,2165,2165,2165,2165,2165,04/15/2023,18:02:32,17.877265625,986.1026600531112,47.184312493636426,964
2166,2166,2166,2166,2166,2166,04/15/2023,18:03:03,17.8216015625,986.0771821317608,47.27584010308206,964
2167,2167,2167,2167,2167,2167,04/15/2023,18:03:33,17.9106640625,986.0780760566728,47.21875734518723,962
2168,2168,2168,2168,2168,2168,04/15/2023,18:04:02,17.896796875,986.0884009063948,47.16208258301387,964
2169,2169,2169,2169,2169,2169,04/15/2023,18:04:32,17.8753125,986.0861469183754,47.214687747997885,963
2170,2170,2170,2170,2170,2170,04/15/2023,18:05:02,17.870234375,986.0711179216848,47.238586944993855,963
2171,2171,2171,2171,2171,2171,04/15/2023,18:05:32,17.8727734375,986.075310398006,47.23887928061493,963
2172,2172,2172,2172,2172,2172,04/15/2023,18:06:02,17.8575390625,986.0567994757253,47.29834830417228,963
2173,2173,2173,2173,2173,2173,04/15/2023,18:06:32,17.863203125,986.0794397466958,47.28675455037752,963
2174,2174,2174,2174,2174,2174,04/15/2023,18:07:02,17.9094921875,986.0960743168685,47.20026060920985,962
2175,2175,2175,2175,2175,2175,04/15/2023,18:07:32,17.846796875,986.058993355008,47.24813146007306,963
2176,2176,2176,2176,2176,2176,04/15/2023,18:08:02,17.863203125,986.0595080181378,47.32349654316978,965
2177,2177,2177,2177,2177,2177,04/15/2023,18:08:32,17.8778515625,986.0438310111164,47.23946397795572,963
2178,2178,2178,2178,2178,2178,04/15/2023,18:09:02,17.8575390625,986.0435117836394,47.24324670618394,963
2179,2179,2179,2179,2179,2179,04/15/2023,18:09:32,17.89171875,986.0534392514944,47.20433518165627,963
2180,2180,2180,2180,2180,2180,04/15/2023,18:10:02,17.8790234375,986.072342213865,47.25184224668176,965
2181,2181,2181,2181,2181,2181,04/15/2023,18:10:32,17.876484375,986.0548616879496,47.23930655601775,963
2182,2182,2182,2182,2182,2182,04/15/2023,18:11:02,17.8962109375,986.0475679215382,47.235456635314975,964
2183,2183,2183,2183,2183,2183,04/15/2023,18:11:32,17.9106640625,986.0581428567776,47.18203561695771,963
2184,2184,2184,2184,2184,2184,04/15/2023,18:12:03,17.9145703125,986.0645924632976,47.1457709825872,963
2185,2185,2185,2185,2185,2185,04/15/2023,18:12:33,17.917109375,986.0621402490942,47.17053834093157,962
2186,2186,2186,2186,2186,2186,04/15/2023,18:13:02,17.90890625,986.035307410444,47.151238005600504,961
2187,2187,2187,2187,2187,2187,04/15/2023,18:13:32,17.9176953125,986.043174279714,47.13389401327942,962
2188,2188,2188,2188,2188,2188,04/15/2023,18:14:02,17.9739453125,986.0430170672032,47.10977388328557,960
2189,2189,2189,2189,2189,2189,04/15/2023,18:14:32,18.022578125,986.0236256849546,46.95637181424444,959
2190,2190,2190,2190,2190,2190,04/15/2023,18:15:02,18.020625,986.0336924336292,46.94392329146461,959
2191,2191,2191,2191,2191,2191,04/15/2023,18:15:32,18.059296875,986.0111380122484,46.844482150278,958
2192,2192,2192,2192,2192,2192,04/15/2023,18:16:02,18.0231640625,985.991365236547,46.86477715133072,960
2193,2193,2193,2193,2193,2193,04/15/2023,18:16:32,17.9657421875,985.9962492745695,46.94985092281064,960
2194,2194,2194,2194,2194,2194,04/15/2023,18:17:02,17.9852734375,985.9686872142504,47.00099419364993,959
2195,2195,2195,2195,2195,2195,04/15/2023,18:17:32,18.0016796875,985.9625445348938,46.95397359463761,959
2196,2196,2196,2196,2196,2196,04/15/2023,18:18:02,17.9575390625,985.9694170398162,46.99781044822147,959
2197,2197,2197,2197,2197,2197,04/15/2023,18:18:32,17.996015625,985.9731301809164,46.96554837700085,959
2198,2198,2198,2198,2198,2198,04/15/2023,18:19:03,17.9790234375,985.93178929512,46.95137431716081,960
2199,2199,2199,2199,2199,2199,04/15/2023,18:19:33,17.953046875,985.9620010250454,47.0400937440364,960
2200,2200,2200,2200,2200,2200,04/15/2023,18:20:02,17.92140625,985.9297004301696,47.06703580103608,960
2201,2201,2201,2201,2201,2201,04/15/2023,18:20:32,17.890546875,985.9319092366278,47.161363742482976,960
2202,2202,2202,2202,2202,2202,04/15/2023,18:21:02,17.8442578125,985.9152832943512,47.272326829220425,961
2203,2203,2203,2203,2203,2203,04/15/2023,18:21:32,17.8481640625,985.8951576002268,47.303391443353064,962
2204,2204,2204,2204,2204,2204,04/15/2023,18:22:02,17.877265625,985.8900508892156,47.25163980399313,961
2205,2205,2205,2205,2205,2205,04/15/2023,18:22:32,17.9126171875,985.8886133488623,47.23734611149885,962
2206,2206,2206,2206,2206,2206,04/15/2023,18:23:02,17.955,985.9187115920896,47.13818457366042,960
2207,2207,2207,2207,2207,2207,04/15/2023,18:23:32,18.02140625,985.922008290547,47.017372326352586,959
2208,2208,2208,2208,2208,2208,04/15/2023,18:24:02,18.0915234375,985.9114730617728,46.85428514224215,959
2209,2209,2209,2209,2209,2209,04/15/2023,18:24:32,18.096015625,985.8989487863342,46.67772077079216,958
2210,2210,2210,2210,2210,2210,04/15/2023,18:25:02,18.1118359375,985.9383534375876,46.697840147041575,958
2211,2211,2211,2211,2211,2211,04/15/2023,18:25:32,18.13703125,985.9334128581456,46.59088288401093,958
2212,2212,2212,2212,2212,2212,04/15/2023,18:26:02,18.1794140625,985.9767777673882,46.52253129351241,957
2213,2213,2213,2213,2213,2213,04/15/2023,18:26:32,18.1864453125,985.9152633724584,46.39531988490812,956
2214,2214,2214,2214,2214,2214,04/15/2023,18:27:02,18.281171875,985.9452862838992,46.2599032798304,954
2215,2215,2215,2215,2215,2215,04/15/2023,18:27:32,18.3645703125,985.9499371815182,45.98338228699793,952
2216,2216,2216,2216,2216,2216,04/15/2023,18:28:03,18.473359375,985.9765029963957,45.76477603050906,950
2217,2217,2217,2217,2217,2217,04/15/2023,18:28:33,18.5126171875,985.9548201955364,45.61137149553788,949
2218,2218,2218,2218,2218,2218,04/15/2023,18:29:02,18.4878125,985.980399335816,45.57823990531377,950
2219,2219,2219,2219,2219,2219,04/15/2023,18:29:32,18.4512890625,985.9866375097616,45.66514377899994,950
2220,2220,2220,2220,2220,2220,04/15/2023,18:30:02,18.44171875,985.9974457309992,45.71262619209706,949
2221,2221,2221,2221,2221,2221,04/15/2023,18:30:32,18.445625,986.0038913025938,45.72520969589895,949
2222,2222,2222,2222,2222,2222,04/15/2023,18:31:02,18.4753125,985.939824331184,45.70427551452463,948
2223,2223,2223,2223,2223,2223,04/15/2023,18:31:32,18.5219921875,985.9835891707454,45.58815781193175,947
2224,2224,2224,2224,2224,2224,04/15/2023,18:32:02,18.559296875,985.9653257137916,45.471053414957126,947
2225,2225,2225,2225,2225,2225,04/15/2023,18:32:32,18.5708203125,985.9710347910524,45.41778800559034,946
2226,2226,2226,2226,2226,2226,04/15/2023,18:33:02,18.5675,985.9655569641228,45.38711034131023,947
2227,2227,2227,2227,2227,2227,04/15/2023,18:33:32,18.5403515625,985.9540224449962,45.450733863919694,947
2228,2228,2228,2228,2228,2228,04/15/2023,18:34:02,18.4563671875,986.0016666071884,45.653577892689,948
2229,2229,2229,2229,2229,2229,04/15/2023,18:34:32,18.3747265625,985.9600471238232,45.85689432595832,950
2230,2230,2230,2230,2230,2230,04/15/2023,18:35:03,18.345625,985.9652173011696,46.01772003807888,951
2231,2231,2231,2231,2231,2231,04/15/2023,18:35:33,18.2981640625,985.933437723906,46.09141055031328,952
2232,2232,2232,2232,2232,2232,04/15/2023,18:36:02,18.241328125,985.9460121410832,46.21884283851844,954
2233,2233,2233,2233,2233,2233,04/15/2023,18:36:32,18.18,985.9112733135328,46.364120973180974,956
2234,2234,2234,2234,2234,2234,04/15/2023,18:37:02,18.105390625,985.9543006727982,46.53238022768168,958
2235,2235,2235,2235,2235,2235,04/15/2023,18:37:32,18.07765625,985.9218152010924,46.63900918696958,959
2236,2236,2236,2236,2236,2236,04/15/2023,18:38:02,18.062421875,985.903315630456,46.67998377373944,960
2237,2237,2237,2237,2237,2237,04/15/2023,18:38:32,18.0219921875,985.9229754874292,46.78524241966157,961
2238,2238,2238,2238,2238,2238,04/15/2023,18:39:02,17.996015625,985.9133229228444,46.87388465165468,962
2239,2239,2239,2239,2239,2239,04/15/2023,18:39:32,17.97765625,985.9095972150365,46.92066070461681,963
2240,2240,2240,2240,2240,2240,04/15/2023,18:40:02,17.9815625,985.8828199705182,46.96388991182842,964
2241,2241,2241,2241,2241,2241,04/15/2023,18:40:32,17.9942578125,985.9170665055838,46.92256428579161,964
2242,2242,2242,2242,2242,2242,04/15/2023,18:41:02,18.012421875,985.8872417510572,46.90631478838516,962
2243,2243,2243,2243,2243,2243,04/15/2023,18:41:32,17.9493359375,985.9027166489002,46.95408109143101,964
2244,2244,2244,2244,2244,2244,04/15/2023,18:42:03,17.870234375,985.865155270266,47.13455557878258,965
2245,2245,2245,2245,2245,2245,04/15/2023,18:42:33,17.85890625,985.8663856595892,47.21892011965429,966
2246,2246,2246,2246,2246,2246,04/15/2023,18:43:02,17.8317578125,985.8547848723708,47.234158000915905,967
2247,2247,2247,2247,2247,2247,04/15/2023,18:43:32,17.7950390625,985.8406682455368,47.327888803491255,969
2248,2248,2248,2248,2248,2248,04/15/2023,18:44:02,17.7735546875,985.851699314532,47.386661842789536,970
2249,2249,2249,2249,2249,2249,04/15/2023,18:44:32,17.7981640625,985.8657570116168,47.40787934699341,968
2250,2250,2250,2250,2250,2250,04/15/2023,18:45:02,17.834296875,985.839045966742,47.363037858006784,969
2251,2251,2251,2251,2251,2251,04/15/2023,18:45:32,17.8425,985.8260137980792,47.321110047432114,968
2252,2252,2252,2252,2252,2252,04/15/2023,18:46:02,17.8790234375,985.8265126364156,47.25184224668176,968
2253,2253,2253,2253,2253,2253,04/15/2023,18:46:32,17.874140625,985.8516720237558,47.22679434800959,969
2254,2254,2254,2254,2254,2254,04/15/2023,18:47:02,17.970234375,985.844185933116,47.06041418694176,967
2255,2255,2255,2255,2255,2255,04/15/2023,18:47:32,17.9688671875,985.8751539341412,47.005224380748025,966
2256,2256,2256,2256,2256,2256,04/15/2023,18:48:02,17.955,985.8522634713174,47.040318064558974,966
2257,2257,2257,2257,2257,2257,04/15/2023,18:48:32,17.9669140625,985.8586400543276,47.01722807745077,967
2258,2258,2258,2258,2258,2258,04/15/2023,18:49:03,17.9221875,985.857900947754,47.06712554072664,967
2259,2259,2259,2259,2259,2259,04/15/2023,18:49:33,17.9284375,985.8349955276824,47.08619155190371,968
2260,2260,2260,2260,2260,2260,04/15/2023,18:50:02,17.9145703125,985.858615650538,47.10906469199411,967
2261,2261,2261,2261,2261,2261,04/15/2023,18:50:32,17.8911328125,985.8465025926936,47.124722544073386,968
2262,2262,2262,2262,2262,2262,04/15/2023,18:51:02,17.923359375,985.8465464711492,47.12842741287895,969
2263,2263,2263,2263,2263,2263,04/15/2023,18:51:32,17.955,985.8323290679856,47.05254832370374,969
2264,2264,2264,2264,2264,2264,04/15/2023,18:52:02,17.9221875,985.831323098236,47.085473387337906,969
2265,2265,2265,2265,2265,2265,04/15/2023,18:52:32,17.9442578125,985.8278868565244,47.13694887994395,969
2266,2266,2266,2266,2266,2266,04/15/2023,18:53:02,17.966328125,985.8377381028736,47.05384974674584,968
2267,2267,2267,2267,2267,2267,04/15/2023,18:53:32,17.992890625,985.83506724491,47.00798271644068,986
2268,2268,2268,2268,2268,2268,04/15/2023,18:54:02,17.9942578125,985.8373239141744,46.98368523123708,968
2269,2269,2269,2269,2269,2269,04/15/2023,18:54:32,18.022578125,985.8176145694746,46.90747940746785,969
2270,2270,2270,2270,2270,2270,04/15/2023,18:55:02,18.0290234375,985.7817337496316,46.81658181157279,968
2271,2271,2271,2271,2271,2271,04/15/2023,18:55:32,17.96515625,985.7560650241072,46.97423249159837,969
2272,2272,2272,2272,2272,2272,04/15/2023,18:56:02,17.88859375,985.749293702756,47.12443070474176,972
2273,2273,2273,2273,2273,2273,04/15/2023,18:56:32,17.8380078125,985.7388750168834,47.22875642301534,971
2274,2274,2274,2274,2274,2274,04/15/2023,18:57:02,17.8815625,985.7310436762532,47.24601286592813,971
2275,2275,2275,2275,2275,2275,04/15/2023,18:57:32,17.905,985.7165762366624,47.15690733692349,971
2276,2276,2276,2276,2276,2276,04/15/2023,18:58:03,17.8973828125,985.6840711789016,47.18662702227011,970
2277,2277,2277,2277,2277,2277,04/15/2023,18:58:33,17.908125,985.715089938333,47.16338561561299,969
2278,2278,2278,2278,2278,2278,04/15/2023,18:59:02,17.8962109375,985.7286460911496,47.1620151894784,970
2279,2279,2279,2279,2279,2279,04/15/2023,18:59:32,17.889765625,985.7312957399248,47.19799023835103,969
2280,2280,2280,2280,2280,2280,04/15/2023,19:00:02,17.9411328125,985.7429928196564,47.173302810021454,970
2281,2281,2281,2281,2281,2281,04/15/2023,19:00:32,17.953046875,985.7759469698124,47.01563593455195,969
2282,2282,2282,2282,2282,2282,04/15/2023,19:01:02,17.9239453125,985.7146244088788,47.03063753343704,970
2283,2283,2283,2283,2283,2283,04/15/2023,19:01:32,17.9176953125,985.744175002467,47.109423880663634,970
2284,2284,2284,2284,2284,2284,04/15/2023,19:02:02,17.939765625,985.7340916146752,47.06914490072762,970
2285,2285,2285,2285,2285,2285,04/15/2023,19:02:32,17.88546875,985.7441354695086,47.14854278603461,971
2286,2286,2286,2286,2286,2286,04/15/2023,19:03:02,17.8778515625,985.7249183391306,47.19049947978287,972
2287,2287,2287,2287,2287,2287,04/15/2023,19:03:32,17.88546875,985.7640676485944,47.15466114557418,971
2288,2288,2288,2288,2288,2288,04/15/2023,19:04:02,17.9221875,985.7781674801706,47.14664705802112,970
2289,2289,2289,2289,2289,2289,04/15/2023,19:04:32,17.929609375,985.7638401411796,47.06797810871883,971
2290,2290,2290,2290,2290,2290,04/15/2023,19:05:02,17.8747265625,985.7396919975732,47.17790108144101,972
2291,2291,2291,2291,2291,2291,04/15/2023,19:05:32,17.9258984375,985.7311370188092,47.1164841144635,971
2292,2292,2292,2292,2292,2292,04/15/2023,19:06:02,17.97765625,985.770051484691,47.00623343808523,969
2293,2293,2293,2293,2293,2293,04/15/2023,19:06:32,17.9669140625,985.739031615234,47.035571590144734,970
2294,2294,2294,2294,2294,2294,04/15/2023,19:07:03,17.9442578125,985.7547954085708,46.99628620336969,970
2295,2295,2295,2295,2295,2295,04/15/2023,19:07:33,17.929609375,985.7306175691456,47.08020996046272,972
2296,2296,2296,2296,2296,2296,04/15/2023,19:08:02,17.910078125,985.7116693592334,47.1146654988456,972
2297,2297,2297,2297,2297,2297,04/15/2023,19:08:32,17.8911328125,985.7136200955624,47.14919406296173,972
2298,2298,2298,2298,2298,2298,04/15/2023,19:09:02,17.855,985.7337055711464,47.21847058501439,972
2299,2299,2299,2299,2299,2299,04/15/2023,19:09:32,17.824140625,985.7425581045056,47.31899420576377,972
2300,2300,2300,2300,2300,2300,04/15/2023,19:10:02,17.8563671875,985.7558936172012,47.32883283520001,972
2301,2301,2301,2301,2301,2301,04/15/2023,19:10:32,17.88859375,985.789158277854,47.26518893601321,972
2302,2302,2302,2302,2302,2302,04/15/2023,19:11:02,17.92453125,985.75545826287,47.17751178856461,972
2303,2303,2303,2303,2303,2303,04/15/2023,19:11:32,18.0067578125,985.81143905721,47.02791887058558,971
2304,2304,2304,2304,2304,2304,04/15/2023,19:12:02,18.0852734375,985.8147572115528,46.810809353965624,968
2305,2305,2305,2305,2305,2305,04/15/2023,19:12:32,18.1565625,985.8127706688064,46.58091316041305,966
2306,2306,2306,2306,2306,2306,04/15/2023,19:13:02,18.183125,985.8233704315346,46.4497927105026,966
2307,2307,2307,2307,2307,2307,04/15/2023,19:13:32,18.1559765625,985.8051568441714,46.45888959945544,967
2308,2308,2308,2308,2308,2308,04/15/2023,19:14:02,18.161640625,985.81450401505,46.459535156636825,967
2309,2309,2309,2309,2309,2309,04/15/2023,19:14:32,18.244453125,985.8248611217148,46.3044475883551,966
2310,2310,2310,2310,2310,2310,04/15/2023,19:15:02,18.2766796875,985.8049102953076,46.11939333872156,963
2311,2311,2311,2311,2311,2311,04/15/2023,19:15:32,18.310859375,985.8347148733042,46.050269928400176,964
2312,2312,2312,2312,2312,2312,04/15/2023,19:16:03,18.3065625,985.8076796092016,46.007213222663864,964
2313,2313,2313,2313,2313,2313,04/15/2023,19:16:33,18.3387890625,985.8209611465702,45.99262224172578,964
2314,2314,2314,2314,2314,2314,04/15/2023,19:17:02,18.41828125,985.8457292595097,45.855743544533134,960
2315,2315,2315,2315,2315,2315,04/15/2023,19:17:32,18.4360546875,985.8218548681248,45.72412946555223,960
2316,2316,2316,2316,2316,2316,04/15/2023,19:18:02,18.4227734375,985.8265421968624,45.70441769300445,961
2317,2317,2317,2317,2317,2317,04/15/2023,19:18:32,18.4094921875,985.8644760845694,45.77578090486339,963
2318,2318,2318,2318,2318,2318,04/15/2023,19:19:02,18.4645703125,985.835649670063,45.70913411883705,962
2319,2319,2319,2319,2319,2319,04/15/2023,19:19:32,18.5700390625,985.8167688573546,45.52077642455157,960
2320,2320,2320,2320,2320,2320,04/15/2023,19:20:02,18.6536328125,985.8681871571516,45.30589711853075,958
2321,2321,2321,2321,2321,2321,04/15/2023,19:20:32,18.6825390625,985.8959108315848,45.11538591637554,956
2322,2322,2322,2322,2322,2322,04/15/2023,19:21:02,18.5878125,985.8859952132136,45.250057349514655,958
2323,2323,2323,2323,2323,2323,04/15/2023,19:21:32,18.467109375,985.8863892433476,45.569841915484034,961
2324,2324,2324,2324,2324,2324,04/15/2023,19:22:02,18.4032421875,985.880761962541,45.76900216018641,962
2325,2325,2325,2325,2325,2325,04/15/2023,19:22:32,18.3419140625,985.8793077194968,45.932183430387774,964
2326,2326,2326,2326,2326,2326,04/15/2023,19:23:03,18.24328125,985.8428707134192,46.127773380086246,966
2327,2327,2327,2327,2327,2327,04/15/2023,19:23:33,18.1503125,985.8489842300085,46.3607426495855,968
2328,2328,2328,2328,2328,2328,04/15/2023,19:24:02,18.0567578125,985.8474456320818,46.5573243822621,972
2329,2329,2329,2329,2329,2329,04/15/2023,19:24:32,18.00734375,985.8323421763484,46.72251567064433,972
2330,2330,2330,2330,2330,2330,04/15/2023,19:25:02,18.0175,985.8358148482288,46.80915509899599,973
2331,2331,2331,2331,2331,2331,04/15/2023,19:25:32,18.01125,985.8454350736614,46.79011941254004,975
2332,2332,2332,2332,2332,2332,04/15/2023,19:26:02,17.963203125,985.8392247330588,46.888453281904894,976
2333,2333,2333,2333,2333,2333,04/15/2023,19:26:32,17.97453125,985.8114085606738,46.9508590249492,975
2334,2334,2334,2334,2334,2334,04/15/2023,19:27:02,17.97453125,985.818053556764,46.92030242476655,976
2335,2335,2335,2335,2335,2335,04/15/2023,19:27:32,17.9505078125,985.8182692810204,46.9603274007245,976
2336,2336,2336,2336,2336,2336,04/15/2023,19:28:02,17.9352734375,985.8197012854898,47.02582373420685,978
2337,2337,2337,2337,2337,2337,04/15/2023,19:28:32,17.933515625,985.8167997218764,47.00116677542353,980
2338,2338,2338,2338,2338,2338,04/15/2023,19:29:02,17.8973828125,985.8103106206178,47.07650781042187,980
2339,2339,2339,2339,2339,2339,04/15/2023,19:29:32,17.9485546875,985.7685323269808,46.996779315495054,980
2340,2340,2340,2340,2340,2340,04/15/2023,19:30:03,17.8880078125,985.7749028847736,47.05097018281165,980
2341,2341,2341,2341,2341,2341,04/15/2023,19:30:33,17.863984375,985.7950427389076,47.15219092869692,981
2342,2342,2342,2342,2342,2342,04/15/2023,19:31:02,17.807734375,985.7752650854568,47.243635416723734,983
2343,2343,2343,2343,2343,2343,04/15/2023,19:31:32,17.7633984375,985.748574863184,47.36711448998943,985
2344,2344,2344,2344,2344,2344,04/15/2023,19:32:02,17.7969921875,985.737602290156,47.38936464872907,984
2345,2345,2345,2345,2345,2345,04/15/2023,19:32:32,17.8102734375,985.7130238224722,47.34801763555512,984
2346,2346,2346,2346,2346,2346,04/15/2023,19:33:02,17.8348828125,985.700498922769,47.289614910053515,984
2347,2347,2347,2347,2347,2347,04/15/2023,19:33:32,17.84171875,985.6852083209582,47.27203441486969,986
2348,2348,2348,2348,2348,2348,04/15/2023,19:34:02,17.8727734375,985.6899606572972,47.208275127035215,984
2349,2349,2349,2349,2349,2349,04/15/2023,19:34:32,17.9208203125,985.6563112876028,47.128135463386656,984
2350,2350,2350,2350,2350,2350,04/15/2023,19:35:02,17.88234375,985.6858251108566,47.142065374208585,983
2351,2351,2351,2351,2351,2351,04/15/2023,19:35:32,17.8942578125,985.6789133239604,47.13731713838159,984
2352,2352,2352,2352,2352,2352,04/15/2023,19:36:02,17.88234375,985.6858251108566,47.142065374208585,985
2353,2353,2353,2353,2353,2353,04/15/2023,19:36:32,17.853828125,985.6786214323392,47.21833572863697,986
2354,2354,2354,2354,2354,2354,04/15/2023,19:37:03,17.8665234375,985.719507726374,47.256524594117984,984
2355,2355,2355,2355,2355,2355,04/15/2023,19:37:33,17.84171875,985.6586339752374,47.29040237367194,985
2356,2356,2356,2356,2356,2356,04/15/2023,19:38:02,17.8094921875,985.758237086176,47.34180289923242,985
2357,2357,2357,2357,2357,2357,04/15/2023,19:38:32,17.8721875,985.7288569932426,47.257176907880904,986
2358,2358,2358,2358,2358,2358,04/15/2023,19:39:02,17.893671875,985.711166874196,47.15560448334814,985
2359,2359,2359,2359,2359,2359,04/15/2023,19:39:32,17.880390625,985.6958893747866,47.1540772200033,986
2360,2360,2360,2360,2360,2360,04/15/2023,19:40:02,17.9005078125,985.7224500576042,47.10133171724473,985
2361,2361,2361,2361,2361,2361,04/15/2023,19:40:32,17.83546875,985.72804023214,47.21010304029881,987
2362,2362,2362,2362,2362,2362,04/15/2023,19:41:02,17.7887890625,985.7107746819598,47.296551975215905,987
2363,2363,2363,2363,2363,2363,04/15/2023,19:41:32,17.7696484375,985.7057498705656,47.39846359507972,987
2364,2364,2364,2364,2364,2364,04/15/2023,19:42:02,17.7387890625,985.7411613175668,47.45617574725685,989
2365,2365,2365,2365,2365,2365,04/15/2023,19:42:32,17.7438671875,985.71633178351,47.50579414879978,989
2366,2366,2366,2366,2366,2366,04/15/2023,19:43:02,17.7962109375,985.7296694888132,47.45054708263695,988
2367,2367,2367,2367,2367,2367,04/15/2023,19:43:32,17.774140625,985.7264512672488,47.4296161029854,988
2368,2368,2368,2368,2368,2368,04/15/2023,19:44:03,17.7721875,985.7365128146072,47.46615914560205,989
2369,2369,2369,2369,2369,2369,04/15/2023,19:44:33,17.7614453125,985.7320649927884,47.45879052456138,989
2370,2370,2370,2370,2370,2370,04/15/2023,19:45:02,17.7602734375,985.7234876672528,47.44027114513725,986
2371,2371,2371,2371,2371,2371,04/15/2023,19:45:32,17.810859375,985.7206343171964,47.44610998823534,984
2372,2372,2372,2372,2372,2372,04/15/2023,19:46:02,17.80578125,985.6856788487196,47.37812628185824,986
2373,2373,2373,2373,2373,2373,04/15/2023,19:46:32,17.7817578125,985.7190968041384,47.36923073516023,986
2374,2374,2374,2374,2374,2374,04/15/2023,19:47:02,17.7520703125,985.6900178197444,47.51287173903312,985
2375,2375,2375,2375,2375,2375,04/15/2023,19:47:32,17.7407421875,985.7045303718965,47.493173899082805,986
2376,2376,2376,2376,2376,2376,04/15/2023,19:48:02,17.7571484375,985.705043416711,47.53185023176989,985
2377,2377,2377,2377,2377,2377,04/15/2023,19:48:32,17.767109375,985.6949156327108,47.483959852545055,986
2378,2378,2378,2378,2378,2378,04/15/2023,19:49:02,17.8329296875,985.7304925270912,47.38125765649321,985
2379,2379,2379,2379,2379,2379,04/15/2023,19:49:32,17.7868359375,985.7075505647975,47.38206739615999,985
2380,2380,2380,2380,2380,2380,04/15/2023,19:50:02,17.7501171875,985.700078931817,47.475868775756695,986
2381,2381,2381,2381,2381,2381,04/15/2023,19:50:32,17.7469921875,985.7082054170456,47.54907012859608,987
2382,2382,2382,2382,2382,2382,04/15/2023,19:51:02,17.7563671875,985.7236818767216,47.464332822922195,986
2383,2383,2383,2383,2383,2383,04/15/2023,19:51:32,17.7425,985.7074322107384,47.481118368749335,986
2384,2384,2384,2384,2384,2384,04/15/2023,19:52:02,17.7399609375,985.6766705114588,47.5298642596146,988
2385,2385,2385,2385,2385,2385,04/15/2023,19:52:32,17.7223828125,985.6675800949738,47.546226187836865,989
2386,2386,2386,2386,2386,2386,04/15/2023,19:53:03,17.7628125,985.6745369807848,47.53863591054237,988
2387,2387,2387,2387,2387,2387,04/15/2023,19:53:33,17.7481640625,985.6769268474444,47.51242050890573,988
2388,2388,2388,2388,2388,2388,04/15/2023,19:54:02,17.763984375,985.689757008332,47.48359898365419,987
2389,2389,2389,2389,2389,2389,04/15/2023,19:54:32,17.8184765625,985.7199215142998,47.38571656282531,986
2390,2390,2390,2390,2390,2390,04/15/2023,19:55:02,17.78625,985.739798459687,47.41875873620175,987
2391,2391,2391,2391,2391,2391,04/15/2023,19:55:32,17.774140625,985.7198083666076,47.441871409500926,987
2392,2392,2392,2392,2392,2392,04/15/2023,19:56:02,17.7430859375,985.7216846459404,47.49344452977545,988
2393,2393,2393,2393,2393,2393,04/15/2023,19:56:32,17.739375,985.7288435450467,47.52366592946536,987
2394,2394,2394,2394,2394,2394,04/15/2023,19:57:02,17.754609375,985.7274227333074,47.53768785220613,986
2395,2395,2395,2395,2395,2395,04/15/2023,19:57:32,17.7747265625,985.7473472639704,47.44193903204584,986
2396,2396,2396,2396,2396,2396,04/15/2023,19:58:02,17.7969921875,985.7309591503926,47.43838100691805,986
2397,2397,2397,2397,2397,2397,04/15/2023,19:58:32,17.8829296875,985.7665205444648,47.30127455856481,984
2398,2398,2398,2398,2398,2398,04/15/2023,19:59:02,17.9872265625,985.745976764231,47.10518385632757,981
2399,2399,2399,2399,2399,2399,04/15/2023,19:59:32,17.9985546875,985.7513829508948,46.923057037563865,982
2400,2400,2400,2400,2400,2400,04/15/2023,20:00:03,18.0270703125,985.7585736489945,46.88966336210325,981
2401,2401,2401,2401,2401,2401,04/15/2023,20:00:33,18.062421875,985.7903351066228,46.7593392745361,980
2402,2402,2402,2402,2402,2402,04/15/2023,20:01:02,18.08703125,985.7777813692664,46.6827967449149,980
2403,2403,2403,2403,2403,2403,04/15/2023,20:01:32,18.1630078125,985.7835255252098,46.47188288897786,978
2404,2404,2404,2404,2404,2404,04/15/2023,20:02:03,18.1895703125,985.7608873800876,46.3286588997686,976
2405,2405,2405,2405,2405,2405,04/15/2023,20:02:33,18.233125,985.752986977908,46.242263138360485,975
2406,2406,2406,2406,2406,2406,04/15/2023,20:03:02,18.3122265625,985.7372435530758,46.06258975889524,972
2407,2407,2407,2407,2407,2407,04/15/2023,20:03:32,18.387421875,985.768219002059,45.87048192389592,971
2408,2408,2408,2408,2408,2408,04/15/2023,20:04:02,18.4903515625,985.7784278905568,45.5785259125284,968
2409,2409,2409,2409,2409,2409,04/15/2023,20:04:32,18.52453125,985.7417025733145,45.49745982320317,967
2410,2410,2410,2410,2410,2410,04/15/2023,20:05:02,18.58078125,985.748022253217,45.28560586348675,966
2411,2411,2411,2411,2411,2411,04/15/2023,20:05:32,18.658515625,985.7565039979672,45.136903157547394,965
2412,2412,2412,2412,2412,2412,04/15/2023,20:06:02,18.6844921875,985.7660855868628,45.0792997280237,965
2413,2413,2413,2413,2413,2413,04/15/2023,20:06:32,18.67765625,985.7814203846808,45.06643520733211,964
2414,2414,2414,2414,2414,2414,04/15/2023,20:07:02,18.685859375,985.7816451245756,45.061303167657925,965
2415,2415,2415,2415,2415,2415,04/15/2023,20:07:32,18.7141796875,985.7684799592184,45.01003153791989,965
2416,2416,2416,2416,2416,2416,04/15/2023,20:08:02,18.6997265625,985.7779061854256,45.008416073585025,963
2417,2417,2417,2417,2417,2417,04/15/2023,20:08:32,18.6219921875,985.7627834938768,45.120711749134934,965
2418,2418,2418,2418,2418,2418,04/15/2023,20:09:03,18.529609375,985.836538487677,45.3222659859216,966
2419,2419,2419,2419,2419,2419,04/15/2023,20:09:33,18.423359375,985.8208592487078,45.607381499219926,968
2420,2420,2420,2420,2420,2420,04/15/2023,20:10:02,18.3348828125,985.8411109011802,45.84024068257105,971
2421,2421,2421,2421,2421,2421,04/15/2023,20:10:32,18.3204296875,985.8638034029632,45.97838294690177,972
2422,2422,2422,2422,2422,2422,04/15/2023,20:11:02,18.2419140625,985.8273190982196,46.08503257655247,973
2423,2423,2423,2423,2423,2423,04/15/2023,20:11:32,18.14328125,985.8506738146182,46.32948535492847,977
2424,2424,2424,2424,2424,2424,04/15/2023,20:12:02,18.0813671875,985.8947097910803,46.51134875314249,979
2425,2425,2425,2425,2425,2425,04/15/2023,20:12:32,18.0567578125,985.887320790945,46.6488252582482,980
2426,2426,2426,2426,2426,2426,04/15/2023,20:13:02,17.999140625,985.9450625265912,46.733786190861245,982
2427,2427,2427,2427,2427,2427,04/15/2023,20:13:32,17.9442578125,985.9009785086072,46.892392319310886,984
2428,2428,2428,2428,2428,2428,04/15/2023,20:14:02,17.913203125,985.9294469417704,46.96827323349737,984
2429,2429,2429,2429,2429,2429,04/15/2023,20:14:32,17.88234375,985.9117224273612,47.08089632351422,984
2430,2430,2430,2430,2430,2430,04/15/2023,20:15:02,17.8696484375,985.9173394183636,47.09778637674496,985
2431,2431,2431,2431,2431,2431,04/15/2023,20:15:32,17.845625,985.90425312321,47.17455428214346,986
2432,2432,2432,2432,2432,2432,04/15/2023,20:16:02,17.8298046875,985.9113520947216,47.25841849413539,987
2433,2433,2433,2433,2433,2433,04/15/2023,20:16:33,17.860078125,985.9081832698248,47.20681427140827,987
2434,2434,2434,2434,2434,2434,04/15/2023,20:17:02,17.8962109375,985.8681739137136,47.12530624877803,988
2435,2435,2435,2435,2435,2435,04/15/2023,20:17:32,17.92453125,985.8949923784578,47.03070479934544,986
2436,2436,2436,2436,2436,2436,04/15/2023,20:18:03,17.906953125,985.879263018737,47.02257299610893,987
2437,2437,2437,2437,2437,2437,04/15/2023,20:18:33,17.83234375,985.895613447924,47.17914609822199,988
2438,2438,2438,2438,2438,2438,04/15/2023,20:19:02,17.873359375,985.8902460991002,47.196102408732976,987
2439,2439,2439,2439,2439,2439,04/15/2023,20:19:32,17.88859375,985.8954641083052,47.14278392831805,988
2440,2440,2440,2440,2440,2440,04/15/2023,20:20:02,17.8727734375,985.869346899653,47.1593198273784,987
2441,2441,2441,2441,2441,2441,04/15/2023,20:20:32,17.8676953125,985.9074710093356,47.18321159870164,988
2442,2442,2442,2442,2442,2442,04/15/2023,20:21:02,17.863203125,985.9133424726388,47.18269489468314,988
2443,2443,2443,2443,2443,2443,04/15/2023,20:21:32,17.880390625,985.895209905942,47.141840836840046,987
2444,2444,2444,2444,2444,2444,04/15/2023,20:22:02,17.8462109375,985.9251515680918,47.21745920734947,988
2445,2445,2445,2445,2445,2445,04/15/2023,20:22:32,17.86515625,985.9298547641056,47.22576016035448,988
2446,2446,2446,2446,2446,2446,04/15/2023,20:23:02,17.91828125,985.9444747984478,47.10949123000222,987
2447,2447,2447,2447,2447,2447,04/15/2023,20:23:32,17.9094921875,985.9698311174096,47.09624747150667,987
2448,2448,2448,2448,2448,2448,04/15/2023,20:24:02,17.8860546875,985.957713532182,47.136374079415994,985
2449,2449,2449,2449,2449,2449,04/15/2023,20:24:32,17.93859375,985.9713642290762,47.11182629268159,986
2450,2450,2450,2450,2450,2450,04/15/2023,20:25:03,17.9841015625,986.0132686354034,46.93973333713358,987
2451,2451,2451,2451,2451,2451,04/15/2023,20:25:33,17.8841015625,985.987709470643,47.05663661533916,988
2452,2452,2452,2452,2452,2452,04/15/2023,20:26:02,17.883515625,986.0066743736425,47.12384705212094,986
2453,2453,2453,2453,2453,2453,04/15/2023,20:26:32,17.8575390625,985.9704295977888,47.19428234533803,986
2454,2454,2454,2454,2454,2454,04/15/2023,20:27:02,17.80578125,985.9514089300786,47.29238594480209,989
2455,2455,2455,2455,2455,2455,04/15/2023,20:27:32,17.8348828125,985.9662411916844,47.301861148596565,988
2456,2456,2456,2456,2456,2456,04/15/2023,20:28:02,17.853828125,985.9576588804172,47.261184589267515,988
2457,2457,2457,2457,2457,2457,04/15/2023,20:28:32,17.837421875,985.9770770129757,47.23480985202613,990
2458,2458,2458,2458,2458,2458,04/15/2023,20:29:02,17.7628125,985.9601776999218,47.37317218875426,990
2459,2459,2459,2459,2459,2459,04/15/2023,20:29:32,17.741328125,985.9911291556492,47.45646874800011,991
2460,2460,2460,2460,2460,2460,04/15/2023,20:30:02,17.7520703125,985.969011195851,47.51900208297538,990
2461,2461,2461,2461,2461,2461,04/15/2023,20:30:32,17.754609375,985.9864893066774,47.464129919136845,989
2462,2462,2462,2462,2462,2462,04/15/2023,20:31:02,17.7274609375,986.0147279506194,47.503899493875466,990
2463,2463,2463,2463,2463,2463,04/15/2023,20:31:32,17.7317578125,985.9952534591566,47.56570440687078,990
2464,2464,2464,2464,2464,2464,04/15/2023,20:32:03,17.784296875,986.015582110227,47.4798154609679,988
2465,2465,2465,2465,2465,2465,04/15/2023,20:32:33,17.806953125,985.9998469537486,47.40276657734052,990
2466,2466,2466,2466,2466,2466,04/15/2023,20:33:02,17.817109375,985.9900431864444,47.36105585421378,988
2467,2467,2467,2467,2467,2467,04/15/2023,20:33:32,17.7716015625,986.0079049338084,47.3986888353438,988
2468,2468,2468,2468,2468,2468,04/15/2023,20:34:02,17.8012890625,985.977208057252,47.39598657460995,988
2469,2469,2469,2469,2469,2469,04/15/2023,20:34:32,17.784296875,985.982366731832,47.39402667065692,988
2470,2470,2470,2470,2470,2470,04/15/2023,20:35:02,17.85578125,985.967527365102,47.30426921996417,986
2471,2471,2471,2471,2471,2471,04/15/2023,20:35:32,17.837421875,985.9704333943585,47.25929546430841,987
2472,2472,2472,2472,2472,2472,04/15/2023,20:36:02,17.853828125,985.9908778224168,47.2366982168665,986
2473,2473,2473,2473,2473,2473,04/15/2023,20:36:32,17.830390625,985.985398414194,47.28909746834153,986
2474,2474,2474,2474,2474,2474,04/15/2023,20:37:02,17.78234375,985.965855642602,47.369298282414825,989
2475,2475,2475,2475,2475,2475,04/15/2023,20:37:32,17.774140625,985.958953851908,47.441871409500926,988
2476,2476,2476,2476,2476,2476,04/15/2023,20:38:02,17.721015625,985.9243755604458,47.515415016927385,988
2477,2477,2477,2477,2477,2477,04/15/2023,20:38:32,17.684296875,985.9434498851052,47.62767851439881,989
2478,2478,2478,2478,2478,2478,04/15/2023,20:39:02,17.671796875,985.922808593726,47.69371650859279,990
2479,2479,2479,2479,2479,2479,04/15/2023,20:39:32,17.6673046875,985.941958057292,47.72387930862256,990
2480,2480,2480,2480,2480,2480,04/15/2023,20:40:02,17.7133984375,985.891871028564,47.643313616822645,989
2481,2481,2481,2481,2481,2481,04/15/2023,20:40:32,17.704609375,985.8574321335684,47.63002806787976,988
2482,2482,2482,2482,2482,2482,04/15/2023,20:41:03,17.7337109375,985.8722704824348,47.54753520120537,988
2483,2483,2483,2483,2483,2483,04/15/2023,20:41:33,17.7255078125,985.8852960177428,47.540456149534336,987
2484,2484,2484,2484,2484,2484,04/15/2023,20:42:02,17.6950390625,985.888125137244,47.62278716556511,989
2485,2485,2485,2485,2485,2485,04/15/2023,20:42:32,17.671796875,985.9161667014846,47.68144480013315,989
2486,2486,2486,2486,2486,2486,04/15/2023,20:43:02,17.651484375,985.9158335139008,47.740458971171215,990
2487,2487,2487,2487,2487,2487,04/15/2023,20:43:32,17.684296875,985.9301658333352,47.73198492464143,989
2488,2488,2488,2488,2488,2488,04/15/2023,20:44:02,17.7071484375,985.914762467862,47.69167351431092,989
2489,2489,2489,2489,2489,2489,04/15/2023,20:44:32,17.701484375,985.9120520515644,47.66033936302888,988
2490,2490,2490,2490,2490,2490,04/15/2023,20:45:02,17.707734375,985.902445458832,47.65492768096949,989
2491,2491,2491,2491,2491,2491,04/15/2023,20:45:32,17.7001171875,985.9363632579816,47.61724084529189,989
2492,2492,2492,2492,2492,2492,04/15/2023,20:46:02,17.68,985.9429964071448,47.64558384736221,989
2493,2493,2493,2493,2493,2493,04/15/2023,20:46:32,17.6950390625,985.9545464675532,47.635055046147535,988
2494,2494,2494,2494,2494,2494,04/15/2023,20:47:02,17.7051953125,985.8982529578929,47.57489817161084,988
2495,2495,2495,2495,2495,2495,04/15/2023,20:47:32,17.7141796875,985.946299653196,47.5330166144464,988
2496,2496,2496,2496,2496,2496,04/15/2023,20:48:03,17.728046875,985.9359856799634,47.50396715382939,987
2497,2497,2497,2497,2497,2497,04/15/2023,20:48:33,17.7337109375,985.9519808491603,47.418825348192186,986
2498,2498,2498,2498,2498,2498,04/15/2023,20:49:02,17.8001171875,985.9420569613784,47.28561107229964,985
2499,2499,2499,2499,2499,2499,04/15/2023,20:49:32,17.8317578125,985.914576709269,47.16684129032067,983
2500,2500,2500,2500,2500,2500,04/15/2023,20:50:02,17.8235546875,985.9608245308522,47.13530905026384,984
2501,2501,2501,2501,2501,2501,04/15/2023,20:50:32,17.8614453125,985.9901667529492,47.05403592080057,984
2502,2502,2502,2502,2502,2502,04/15/2023,20:51:02,17.9708203125,985.9780527550828,46.90765595777489,981
2503,2503,2503,2503,2503,2503,04/15/2023,20:51:32,18.1200390625,985.9917723798578,46.55234627953756,978
2504,2504,2504,2504,2504,2504,04/15/2023,20:52:02,18.1989453125,986.0023667705008,46.348000484027935,976
2505,2505,2505,2505,2505,2505,04/15/2023,20:52:32,18.2337109375,986.0198615907866,46.21189001942134,975
2506,2506,2506,2506,2506,2506,04/15/2023,20:53:02,18.32609375,986.0127714287132,46.033750899333775,973
2507,2507,2507,2507,2507,2507,04/15/2023,20:53:32,18.44875,986.0356475838064,45.73770606620994,971
2508,2508,2508,2508,2508,2508,04/15/2023,20:54:02,18.5227734375,986.024782444294,45.50332609006885,970
2509,2509,2509,2509,2509,2509,04/15/2023,20:54:32,18.549921875,986.0363217337316,45.451810117362406,967
2510,2510,2510,2510,2510,2510,04/15/2023,20:55:03,18.523359375,986.0457014072856,45.382152081572016,968
2511,2511,2511,2511,2511,2511,04/15/2023,20:55:33,18.479609375,986.066618642751,45.46815427305198,968
2512,2512,2512,2512,2512,2512,04/15/2023,20:56:02,18.4442578125,986.0880842166672,45.56726911175557,968
2513,2513,2513,2513,2513,2513,04/15/2023,20:56:32,18.3633984375,986.0942829909188,45.71593243341995,970
2514,2514,2514,2514,2514,2514,04/15/2023,20:57:03,18.3235546875,986.1216086137932,45.893642082510596,972
2515,2515,2515,2515,2515,2515,04/15/2023,20:57:33,18.21671875,986.1181203463868,46.10042595878218,972
2516,2516,2516,2516,2516,2516,04/15/2023,20:58:02,18.1333203125,986.1532756194788,46.34053482115663,976
2517,2517,2517,2517,2517,2517,04/15/2023,20:58:32,18.105390625,986.1404001101808,46.471412160296,977
2518,2518,2518,2518,2518,2518,04/15/2023,20:59:02,18.059296875,986.1307648921356,46.55761396214536,978
2519,2519,2519,2519,2519,2519,04/15/2023,20:59:32,18.012421875,986.1464138820309,46.6864759940724,979
2520,2520,2520,2520,2520,2520,04/15/2023,21:00:02,17.9536328125,986.1689584871252,46.78352786076846,981
2521,2521,2521,2521,2521,2521,04/15/2023,21:00:32,17.92140625,986.1356799939416,46.901993790905614,982
2522,2522,2522,2522,2522,2522,04/15/2023,21:01:02,17.8809765625,986.1885170252838,47.0318199013726,983
2523,2523,2523,2523,2523,2523,04/15/2023,21:01:32,17.8721875,986.1939352422012,47.122545182947256,983
2524,2524,2524,2524,2524,2524,04/15/2023,21:02:02,17.8442578125,986.2009628556776,47.156041468370915,983
2525,2525,2525,2525,2525,2525,04/15/2023,21:02:32,17.8145703125,986.2117268908088,47.24442207556868,985
2526,2526,2526,2526,2526,2526,04/15/2023,21:03:02,17.8317578125,986.2467560689832,47.25864335081218,984
2527,2527,2527,2527,2527,2527,04/15/2023,21:03:32,17.83234375,986.2410801344314,47.25258913725813,984
2528,2528,2528,2528,2528,2528,04/15/2023,21:04:03,17.8165234375,986.2681002718564,47.23852579486716,984
2529,2529,2529,2529,2529,2529,04/15/2023,21:04:33,17.7551953125,986.2930261281658,47.39067096200481,987
2530,2530,2530,2530,2530,2530,04/15/2023,21:05:02,17.74640625,986.2585805647255,47.438671141512785,985
2531,2531,2531,2531,2531,2531,04/15/2023,21:05:32,17.7159375,986.241467567158,47.5148285772711,985
2532,2532,2532,2532,2532,2532,04/15/2023,21:06:02,17.7040234375,986.2749272146498,47.56249900247597,986
2533,2533,2533,2533,2533,2533,04/15/2023,21:06:32,17.7348828125,986.2395472425889,47.56606564474421,985
2534,2534,2534,2534,2534,2534,04/15/2023,21:07:02,17.751484375,986.227111372965,47.51893439036171,987
2535,2535,2535,2535,2535,2535,04/15/2023,21:07:32,17.7532421875,986.2565859329626,47.48848786431463,986
2536,2536,2536,2536,2536,2536,04/15/2023,21:08:02,17.73234375,986.2951369308704,47.52285368882375,986
2537,2537,2537,2537,2537,2537,04/15/2023,21:08:32,17.724921875,986.2828775443631,47.55265091169371,986
2538,2538,2538,2538,2538,2538,04/15/2023,21:09:02,17.7551953125,986.246526223528,47.513232738051634,986
2539,2539,2539,2539,2539,2539,04/15/2023,21:09:32,17.717890625,986.3111182148108,47.545707144617595,986
2540,2540,2540,2540,2540,2540,04/15/2023,21:10:02,17.6641796875,986.295458258888,47.63761971086056,987
2541,2541,2541,2541,2541,2541,04/15/2023,21:10:32,17.63390625,986.2919406728212,47.73842308862896,988
2542,2542,2542,2542,2542,2542,04/15/2023,21:11:03,17.668671875,986.329446820684,47.69949089054622,987
2543,2543,2543,2543,2543,2543,04/15/2023,21:11:33,17.6407421875,986.3165167436229,47.702393939145594,987
2544,2544,2544,2544,2544,2544,04/15/2023,21:12:02,17.6489453125,986.3300682533868,47.72789020045333,987
2545,2545,2545,2545,2545,2545,04/15/2023,21:12:32,17.6610546875,986.3434310867945,47.72929262118393,988
2546,2546,2546,2546,2546,2546,04/15/2023,21:13:02,17.7399609375,986.334289781544,47.65252289353739,984
2547,2547,2547,2547,2547,2547,04/15/2023,21:13:32,17.7659375,986.3572703956568,47.50834348724331,985
2548,2548,2548,2548,2548,2548,04/15/2023,21:14:02,17.7665234375,986.3582382685388,47.43486468450871,984
2549,2549,2549,2549,2549,2549,04/15/2023,21:14:32,17.72296875,986.3992169020612,47.51564057996799,985
2550,2550,2550,2550,2550,2550,04/15/2023,21:15:02,17.6876171875,986.4072391338022,47.58513090215394,986
2551,2551,2551,2551,2551,2551,04/15/2023,21:15:32,17.64953125,986.4173793277728,47.703411301225565,988
2552,2552,2552,2552,2552,2552,04/15/2023,21:16:02,17.6344921875,986.3991744564096,47.756904090220694,989
2553,2553,2553,2553,2553,2553,04/15/2023,21:16:32,17.6876171875,986.4005969549868,47.713957888187664,985
2554,2554,2554,2554,2554,2554,04/15/2023,21:17:02,17.7450390625,986.3958201763286,47.61630368257309,984
2555,2555,2555,2555,2555,2555,04/15/2023,21:17:32,17.7690625,986.3890044432868,47.50870450896005,985
2556,2556,2556,2556,2556,2556,04/15/2023,21:18:02,17.8317578125,986.4128473306196,47.43013855433536,984
2557,2557,2557,2557,2557,2557,04/15/2023,21:18:32,17.8380078125,986.3965962227688,47.38796981135744,985
2558,2558,2558,2558,2558,2558,04/15/2023,21:19:02,17.8094921875,986.4092861450556,47.409186381097754,984
2559,2559,2559,2559,2559,2559,04/15/2023,21:19:32,17.8190625,986.3852336194078,47.471572464886975,984
2560,2560,2560,2560,2560,2560,04/15/2023,21:20:03,17.82609375,986.410134998608,47.47851417421901,1038
2561,2561,2561,2561,2561,2561,04/15/2023,21:20:33,17.7798046875,986.406749322866,47.54060003639323,985
2562,2562,2562,2562,2562,2562,04/15/2023,21:21:02,17.7419140625,986.410586101441,47.67729129497648,985
2563,2563,2563,2563,2563,2563,04/15/2023,21:21:32,17.77296875,986.4220293648888,47.736124726695735,987
2564,2564,2564,2564,2564,2564,04/15/2023,21:22:02,17.8102734375,986.4637242929308,47.66680215559771,985
2565,2565,2565,2565,2565,2565,04/15/2023,21:22:32,17.8253125,986.4287753368304,47.61946138028445,983
2566,2566,2566,2566,2566,2566,04/15/2023,21:23:02,17.8676953125,986.419057453482,47.60596641009886,983
2567,2567,2567,2567,2567,2567,04/15/2023,21:23:32,17.9321484375,986.4391388357212,47.46625361843202,982
2568,2568,2568,2568,2568,2568,04/15/2023,21:24:02,17.9270703125,986.4241067657126,47.45953667893219,983
2569,2569,2569,2569,2569,2569,04/15/2023,21:24:32,17.9485546875,986.4130776911584,47.455891145428055,982
2570,2570,2570,2570,2570,2570,04/15/2023,21:25:02,17.913203125,986.4012029567036,47.51310770947275,983
2571,2571,2571,2571,2571,2571,04/15/2023,21:25:32,17.9176953125,986.435200731338,47.52589090600569,983
2572,2572,2572,2572,2572,2572,04/15/2023,21:26:02,17.903046875,986.4375837142863,47.54259205072326,984
2573,2573,2573,2573,2573,2573,04/15/2023,21:26:32,17.910078125,986.469130910677,47.647689943044654,983
2574,2574,2574,2574,2574,2574,04/15/2023,21:27:03,17.9290234375,986.4605560949394,47.61920751941573,983
2575,2575,2575,2575,2575,2575,04/15/2023,21:27:33,17.908125,986.4725492862658,47.635191540779985,984
2576,2576,2576,2576,2576,2576,04/15/2023,21:28:02,17.899921875,986.5187991780824,47.7324390358967,985
2577,2577,2577,2577,2577,2577,04/15/2023,21:28:32,17.9094921875,986.514674547943,47.72741106648769,984
2578,2578,2578,2578,2578,2578,04/15/2023,21:29:02,17.90890625,986.546929169758,47.807168887576786,984
2579,2579,2579,2579,2579,2579,04/15/2023,21:29:32,17.9719921875,986.5182388522684,47.777653761945835,983
2580,2580,2580,2580,2580,2580,04/15/2023,21:30:02,18.0346875,986.561984341099,47.594648207067294,982
2581,2581,2581,2581,2581,2581,04/15/2023,21:30:32,18.0915234375,986.5561653684068,47.5092288515451,980
2582,2582,2582,2582,2582,2582,04/15/2023,21:31:02,18.1034375,986.5559029712824,47.41251320854995,980
2583,2583,2583,2583,2583,2583,04/15/2023,21:31:32,18.11671875,986.5911312177876,47.43243963276193,980
2584,2584,2584,2584,2584,2584,04/15/2023,21:32:02,18.1548046875,986.5742697838982,47.43685018314551,980
2585,2585,2585,2585,2585,2585,04/15/2023,21:32:32,18.1805859375,986.6168479213084,47.39079716379322,980
2586,2586,2586,2586,2586,2586,04/15/2023,21:33:02,18.2774609375,986.6106351089048,47.181472342455066,979
2587,2587,2587,2587,2587,2587,04/15/2023,21:33:32,18.3690625,986.6355681437558,46.8433749015294,975
2588,2588,2588,2588,2588,2588,04/15/2023,21:34:02,18.458125,986.6429792804006,46.63372489226329,975
2589,2589,2589,2589,2589,2589,04/15/2023,21:34:32,18.4208203125,986.614635926078,46.68439186996886,976
2590,2590,2590,2590,2590,2590,04/15/2023,21:35:02,18.4032421875,986.6587588050752,46.56030925216995,976
2591,2591,2591,2591,2591,2591,04/15/2023,21:35:32,18.37921875,986.658987845684,46.6796215094317,977
2592,2592,2592,2592,2592,2592,04/15/2023,21:36:03,18.4253125,986.648652455492,46.81317644665775,978
2593,2593,2593,2593,2593,2593,04/15/2023,21:36:33,18.5024609375,986.6696276159988,46.60218450683727,976
2594,2594,2594,2594,2594,2594,04/15/2023,21:37:02,18.56125,986.6935283228626,46.511288127129816,973
2595,2595,2595,2595,2595,2595,04/15/2023,21:37:32,18.6333203125,986.7060845351452,46.409754240566706,973
2596,2596,2596,2596,2596,2596,04/15/2023,21:38:02,18.6966015625,986.7174177864453,46.27679403265161,971
2597,2597,2597,2597,2597,2597,04/15/2023,21:38:32,18.7622265625,986.739258089926,46.04070592594819,970
2598,2598,2598,2598,2598,2598,04/15/2023,21:39:02,18.824921875,986.7296322925235,45.97482853798284,969
2599,2599,2599,2599,2599,2599,04/15/2023,21:39:32,18.917109375,986.7353883141776,45.8150418833505,966
2600,2600,2600,2600,2600,2600,04/15/2023,21:40:02,18.999921875,986.7322937730264,45.5328918196709,964
2601,2601,2601,2601,2601,2601,04/15/2023,21:40:32,19.069453125,986.7139097248744,45.340576679362144,963
2602,2602,2602,2602,2602,2602,04/15/2023,21:41:02,19.10109375,986.719522619976,45.307772968917526,962
2603,2603,2603,2603,2603,2603,04/15/2023,21:41:32,19.1341015625,986.7074159513816,45.22664947997994,961
2604,2604,2604,2604,2604,2604,04/15/2023,21:42:02,19.1688671875,986.6915459808324,45.1275890306073,959
2605,2605,2605,2605,2605,2605,04/15/2023,21:42:32,19.170625,986.7277341861152,45.15201122634664,958
2606,2606,2606,2606,2606,2606,04/15/2023,21:43:02,19.1966015625,986.7239895800302,45.15493518438462,958
2607,2607,2607,2607,2607,2607,04/15/2023,21:43:32,19.219453125,986.7284021687914,45.18779645876925,958
2608,2608,2608,2608,2608,2608,04/15/2023,21:44:02,19.199140625,986.728178795198,45.161278025859716,958
2609,2609,2609,2609,2609,2609,04/15/2023,21:44:32,19.0575390625,986.7275323588816,45.44839136301961,963
2610,2610,2610,2610,2610,2610,04/15/2023,21:45:03,18.953828125,986.7094704985184,45.81313396609598,965
2611,2611,2611,2611,2611,2611,04/15/2023,21:45:33,18.9102734375,986.7307610826808,45.99671333959277,965
2612,2612,2612,2612,2612,2612,04/15/2023,21:46:02,18.8622265625,986.7446260724976,46.11297140784429,966
2613,2613,2613,2613,2613,2613,04/15/2023,21:46:32,18.8173046875,986.7104056552816,46.29668468735311,968
2614,2614,2614,2614,2614,2614,04/15/2023,21:47:02,18.7876171875,986.721287863277,46.415223745086145,970
2615,2615,2615,2615,2615,2615,04/15/2023,21:47:32,18.7497265625,986.7186244214917,46.49628277002695,971
2616,2616,2616,2616,2616,2616,04/15/2023,21:48:02,18.712421875,986.7036165951544,46.62628117304956,972
2617,2617,2617,2617,2617,2617,04/15/2023,21:48:32,18.6661328125,986.6870781153384,46.749223503026464,973
2618,2618,2618,2618,2618,2618,04/15/2023,21:49:02,18.6446484375,986.6782208233255,46.80785852990414,974
2619,2619,2619,2619,2619,2619,04/15/2023,21:49:32,18.6118359375,986.6706167633828,46.9141212277589,975
2620,2620,2620,2620,2620,2620,04/15/2023,21:50:02,18.542890625,986.709775183287,47.09582797592279,975
2621,2621,2621,2621,2621,2621,04/15/2023,21:50:32,18.5087109375,986.6666451887112,47.19596418440882,976
2622,2622,2622,2622,2622,2622,04/15/2023,21:51:02,18.455,986.6843709221992,47.31840011933652,977
2623,2623,2623,2623,2623,2623,04/15/2023,21:51:32,18.4594921875,986.638586395694,47.34956687712066,976
2624,2624,2624,2624,2624,2624,04/15/2023,21:52:03,18.466328125,986.689774834406,47.37488090024313,977
2625,2625,2625,2625,2625,2625,04/15/2023,21:52:33,18.4739453125,986.6624496253112,47.36963436340062,977
2626,2626,2626,2626,2626,2626,04/15/2023,21:53:02,18.476484375,986.653341028868,47.43737861318735,977
2627,2627,2627,2627,2627,2627,04/15/2023,21:53:32,18.4544140625,986.6435023993856,47.49615259411728,978
2628,2628,2628,2628,2628,2628,04/15/2023,21:54:02,18.4329296875,986.608030018133,47.5611490151602,980
2629,2629,2629,2629,2629,2629,04/15/2023,21:54:32,18.5055859375,986.6548350228708,47.459161553898575,977
2630,2630,2630,2630,2630,2630,04/15/2023,21:55:02,18.5075390625,986.6713611149312,47.41032367107571,977
2631,2631,2631,2631,2631,2631,04/15/2023,21:55:32,18.4626171875,986.6969480903982,47.49097162314447,977
2632,2632,2632,2632,2632,2632,04/15/2023,21:56:02,18.45890625,986.6708700675276,47.52735245606805,978
2633,2633,2633,2633,2633,2633,04/15/2023,21:56:32,18.4903515625,986.7294411967404,47.49419711562012,977
2634,2634,2634,2634,2634,2634,04/15/2023,21:57:02,18.4973828125,986.7610028883922,47.49501501061246,977
2635,2635,2635,2635,2635,2635,04/15/2023,21:57:32,18.4954296875,986.7644285099926,47.50092308088075,977
2636,2636,2636,2636,2636,2636,04/15/2023,21:58:02,18.48546875,986.80118514009,47.50589969772392,975
2637,2637,2637,2637,2637,2637,04/15/2023,21:58:32,18.4753125,986.7910647131142,47.553808118565115,976
2638,2638,2638,2638,2638,2638,04/15/2023,21:59:03,18.4973828125,986.7610028883922,47.55637775188323,977
2639,2639,2639,2639,2639,2639,04/15/2023,21:59:33,18.52140625,986.8139725128972,47.49167463201638,977
2640,2640,2640,2640,2640,2640,04/15/2023,22:00:02,18.4923046875,986.7592684793856,47.56192386497767,977
2641,2641,2641,2641,2641,2641,04/15/2023,22:00:32,18.4841015625,986.7856264903248,47.610075063235726,978
2642,2642,2642,2642,2642,2642,04/15/2023,22:01:02,18.4758984375,986.7787314092196,47.65823877816868,979
2643,2643,2643,2643,2643,2643,04/15/2023,22:01:32,18.486640625,986.7499159464996,47.6594915413416,979
2644,2644,2644,2644,2644,2644,04/15/2023,22:02:02,18.499921875,986.7718460695156,47.618058260538376,979
2645,2645,2645,2645,2645,2645,04/15/2023,22:02:32,18.5290234375,986.7467386475506,47.56006279567947,979
2646,2646,2646,2646,2646,2646,04/15/2023,22:03:02,18.5442578125,986.7585903232132,47.531150724617035,977
2647,2647,2647,2647,2647,2647,04/15/2023,22:03:32,18.52453125,986.7127178360738,47.55340195600981,976
2648,2648,2648,2648,2648,2648,04/15/2023,22:04:02,18.5524609375,986.7521810177316,47.53210601582527,977
2649,2649,2649,2649,2649,2649,04/15/2023,22:04:32,18.5309765625,986.7632654809876,47.54187802328423,976
2650,2650,2650,2650,2650,2650,04/15/2023,22:05:02,18.5258984375,986.7615317026213,47.535149736082104,978
2651,2651,2651,2651,2651,2651,04/15/2023,22:05:32,18.5423046875,986.7553654898636,47.60458057036645,977
2652,2652,2652,2652,2652,2652,04/15/2023,22:06:03,18.5434765625,986.7772537578574,47.56174653592672,977
2653,2653,2653,2653,2653,2653,04/15/2023,22:06:33,18.542890625,986.7696351707976,47.65377123816187,975
2654,2654,2654,2654,2654,2654,04/15/2023,22:07:02,18.5516796875,986.7641935137608,47.60567362799348,976
2655,2655,2655,2655,2655,2655,04/15/2023,22:07:32,18.5618359375,986.7676600328964,47.65598203196434,976
2656,2656,2656,2656,2656,2656,04/15/2023,22:08:02,18.56125,986.7733438994734,47.61292932532105,977
2657,2657,2657,2657,2657,2657,04/15/2023,22:08:32,18.5821484375,986.7812435854936,47.60308711164384,978
2658,2658,2658,2658,2658,2658,04/15/2023,22:09:02,18.5903515625,986.7615296227502,47.653168919221415,977
2659,2659,2659,2659,2659,2659,04/15/2023,22:09:32,18.5997265625,986.7969632815206,47.63583949476246,976
2660,2660,2660,2660,2660,2660,04/15/2023,22:10:02,18.5997265625,986.7703564460608,47.605137430094175,976
2661,2661,2661,2661,2661,2661,04/15/2023,22:10:32,18.5864453125,986.7683833906796,47.62200838139374,976
2662,2662,2662,2662,2662,2662,04/15/2023,22:11:02,18.6067578125,986.7886171018496,47.61823800997676,976
2663,2663,2663,2663,2663,2663,04/15/2023,22:11:32,18.6188671875,986.7820027581718,47.613510672771085,977
2664,2664,2664,2664,2664,2664,04/15/2023,22:12:02,18.6130078125,986.7723288185746,47.63738967603183,977
2665,2665,2665,2665,2665,2665,04/15/2023,22:12:32,18.6055859375,986.7866822738304,47.661089219478946,976
2666,2666,2666,2666,2666,2666,04/15/2023,22:13:02,18.652265625,986.803883498428,47.648114899787394,975
2667,2667,2667,2667,2667,2667,04/15/2023,22:13:32,18.6497265625,986.8529094098174,47.59255134699416,976
2668,2668,2668,2668,2668,2668,04/15/2023,22:14:02,18.6559765625,986.8100102553294,47.57486201915128,976
2669,2669,2669,2669,2669,2669,04/15/2023,22:14:32,18.66046875,986.8373839176088,47.624507213764936,975
2670,2670,2670,2670,2670,2670,04/15/2023,22:15:03,18.6895703125,986.8455161252876,47.578781749885664,975
2671,2671,2671,2671,2671,2671,04/15/2023,22:15:33,18.71671875,986.850420868102,47.557392583215986,974
2672,2672,2672,2672,2672,2672,04/15/2023,22:16:02,18.708515625,986.8302250246604,47.580992964982585,975
2673,2673,2673,2673,2673,2673,04/15/2023,22:16:32,18.6909375,986.86107869298,47.57894130595169,976
2674,2674,2674,2674,2674,2674,04/15/2023,22:17:02,18.7028515625,986.8541379516636,47.617174344388395,975
2675,2675,2675,2675,2675,2675,04/15/2023,22:17:32,18.7008984375,986.8243022865886,47.58624371294045,977
2676,2676,2676,2676,2676,2676,04/15/2023,22:18:02,18.68390625,986.8162070037054,47.63952709515512,977
2677,2677,2677,2677,2677,2677,04/15/2023,22:18:32,18.6794140625,986.8420533008976,47.694286238625374,977
2678,2678,2678,2678,2678,2678,04/15/2023,22:19:02,18.6876171875,986.8090283745756,47.732111625428246,975
2679,2679,2679,2679,2679,2679,04/15/2023,22:19:32,18.69015625,986.7999149268772,47.73855385795369,976
2680,2680,2680,2680,2680,2680,04/15/2023,22:20:02,18.6751171875,986.8416116203308,47.79210914166784,978
2681,2681,2681,2681,2681,2681,04/15/2023,22:20:32,18.7212109375,986.8711432691332,47.70531818020456,978
2682,2682,2682,2682,2682,2682,04/15/2023,22:21:02,18.7876171875,986.8543609381036,47.54725061218883,978
2683,2683,2683,2683,2683,2683,04/15/2023,22:21:32,18.88234375,986.8709952981088,47.417146039954815,978
2684,2684,2684,2684,2684,2684,04/15/2023,22:22:03,18.891328125,986.8392426196702,47.31392291509441,980
2685,2685,2685,2685,2685,2685,04/15/2023,22:22:33,18.9993359375,986.837820315144,47.173248525157405,980
2686,2686,2686,2686,2686,2686,04/15/2023,22:23:02,19.0329296875,986.8599841822978,46.993415218866005,980
2687,2687,2687,2687,2687,2687,04/15/2023,22:23:32,19.099921875,986.8440697307534,46.86655152981591,979
2688,2688,2688,2688,2688,2688,04/15/2023,22:24:02,19.1833203125,986.848547243715,46.68664827373558,977
2689,2689,2689,2689,2689,2689,04/15/2023,22:24:32,19.2579296875,986.8384939140047,46.5425278443825,975
2690,2690,2690,2690,2690,2690,04/15/2023,22:25:02,19.2712109375,986.8470904613354,46.48299865421785,977
2691,2691,2691,2691,2691,2691,04/15/2023,22:25:32,19.3091015625,986.836359782714,46.401910841716,976
2692,2692,2692,2692,2692,2692,04/15/2023,22:26:02,19.3755078125,986.8327086094204,46.263144464892214,976
2693,2693,2693,2693,2693,2693,04/15/2023,22:26:32,19.4184765625,986.8236752943671,46.10350417332483,975
2694,2694,2694,2694,2694,2694,04/15/2023,22:27:02,19.4532421875,986.8077616146588,45.99785229771372,975
2695,2695,2695,2695,2695,2695,04/15/2023,22:27:32,19.5094921875,986.7406850136,45.85820318396057,973
2696,2696,2696,2696,2696,2696,04/15/2023,22:28:02,19.533515625,986.720356701788,45.733215877590055,971
2697,2697,2697,2697,2697,2697,04/15/2023,22:28:32,19.5784375,986.7145053489356,45.70186051251869,971
2698,2698,2698,2698,2698,2698,04/15/2023,22:29:02,19.629609375,986.7056267576536,45.56791430066558,970
2699,2699,2699,2699,2699,2699,04/15/2023,22:29:32,19.6606640625,986.6902129486537,45.48034328886382,968
2700,2700,2700,2700,2700,2700,04/15/2023,22:30:02,19.6708203125,986.6736470739172,45.438997486961426,968
2701,2701,2701,2701,2701,2701,04/15/2023,22:30:32,19.6657421875,986.6919242038604,45.426279465073115,966
2702,2702,2702,2702,2702,2702,04/15/2023,22:31:03,19.6637890625,986.6820407691472,45.41391752094415,966
2703,2703,2703,2703,2703,2703,04/15/2023,22:31:33,19.646796875,986.7073207933724,45.40591823105872,965
2704,2704,2704,2704,2704,2704,04/15/2023,22:32:02,19.6087109375,986.6978117025504,45.45622390643883,966
2705,2705,2705,2705,2705,2705,04/15/2023,22:32:32,19.5159375,986.7246710693246,45.60965384211291,969
2706,2706,2706,2706,2706,2706,04/15/2023,22:33:02,19.447578125,986.731813506306,45.76597795699227,970
2707,2707,2707,2707,2707,2707,04/15/2023,22:33:32,19.33703125,986.7559133788424,45.984555283709014,973
2708,2708,2708,2708,2708,2708,04/15/2023,22:34:02,19.21046875,986.7868173520412,46.23809858586819,978
2709,2709,2709,2709,2709,2709,04/15/2023,22:34:32,19.13078125,986.7618521881232,46.442416481102136,981
2710,2710,2710,2710,2710,2710,04/15/2023,22:35:02,19.033515625,986.8143577481676,46.65102612642799,987
2711,2711,2711,2711,2711,2711,04/15/2023,22:35:32,18.93859375,986.8041228172984,46.982481453951834,990
2712,2712,2712,2712,2712,2712,04/15/2023,22:36:02,18.8716015625,986.8066814900366,47.12777981011294,994
2713,2713,2713,2713,2713,2713,04/15/2023,22:36:32,18.8235546875,986.8138779263402,47.25699513900963,996
2714,2714,2714,2714,2714,2714,04/15/2023,22:37:02,18.78,986.781903973539,47.380683964187185,999
2715,2715,2715,2715,2715,2715,04/15/2023,22:37:32,18.7173046875,986.764900118133,47.520630510676696,1002
2716,2716,2716,2716,2716,2716,04/15/2023,22:38:03,18.71671875,986.7439741060576,47.612652909813434,1005
2717,2717,2717,2717,2717,2717,04/15/2023,22:38:33,18.7040234375,986.762933584308,47.61731120975111,1005
2718,2718,2718,2718,2718,2718,04/15/2023,22:39:02,18.6675,986.7492065906372,47.71746916592984,1005
2719,2719,2719,2719,2719,2719,04/15/2023,22:39:32,18.62375,986.710241011899,47.82912684721554,1007
2720,2720,2720,2720,2720,2720,04/15/2023,22:40:02,18.5782421875,986.7282336913944,47.94064028362085,1008
2721,2721,2721,2721,2721,2721,04/15/2023,22:40:32,18.5782421875,986.7348851647484,48.014475305453246,1008
2722,2722,2722,2722,2722,2722,04/15/2023,22:41:02,18.55421875,986.6952223181448,48.067049569090806,1009
2723,2723,2723,2723,2723,2723,04/15/2023,22:41:32,18.52140625,986.7009073491004,48.09397592325239,1010
2724,2724,2724,2724,2724,2724,04/15/2023,22:42:02,18.493671875,986.701670605044,48.17692738049184,1009
2725,2725,2725,2725,2725,2725,04/15/2023,22:42:32,18.476484375,986.6799426456608,48.224186194916285,1012
2726,2726,2726,2726,2726,2726,04/15/2023,22:43:02,18.44484375,986.720802117852,48.33138794341745,1010
2727,2727,2727,2727,2727,2727,04/15/2023,22:43:32,18.4329296875,986.681179446744,48.34231298915771,1013
2728,2728,2728,2728,2728,2728,04/15/2023,22:44:02,18.4012890625,986.695431572989,48.43107471609274,1010
2729,2729,2729,2729,2729,2729,04/15/2023,22:44:32,18.4012890625,986.6688330517472,48.45574705807452,1011
2730,2730,2730,2730,2730,2730,04/15/2023,22:45:02,18.3809765625,986.6618904272004,48.48419385544245,1013
2731,2731,2731,2731,2731,2731,04/15/2023,22:45:32,18.4360546875,986.706289390394,48.41050710799723,1013
2732,2732,2732,2732,2732,2732,04/15/2023,22:46:02,18.41828125,986.683591450482,48.371412276145165,1014
2733,2733,2733,2733,2733,2733,04/15/2023,22:46:32,18.4133984375,986.688828391898,48.370836618343155,1015
2734,2734,2734,2734,2734,2734,04/15/2023,22:47:03,18.40578125,986.6895500163264,48.425437175584825,1015
2735,2735,2735,2735,2735,2735,04/15/2023,22:47:33,18.3868359375,986.7646585786651,48.46637833218701,1017
2736,2736,2736,2736,2736,2736,04/15/2023,22:48:02,18.3848828125,986.7481342253628,48.4538106877446,1018
2737,2737,2737,2737,2737,2737,04/15/2023,22:48:32,18.371015625,986.7584809800126,48.5508929141352,1018
2738,2738,2738,2738,2738,2738,04/15/2023,22:49:02,18.3633984375,986.7193048174051,48.525308200247096,1018
2739,2739,2739,2739,2739,2739,04/15/2023,22:49:32,18.3848828125,986.7414847488144,48.49699434773979,1018
2740,2740,2740,2740,2740,2740,04/15/2023,22:50:02,18.3520703125,986.7404927232268,48.54248283360494,1022
2741,2741,2741,2741,2741,2741,04/15/2023,22:50:32,18.345625,986.763094143924,48.560235804303026,1021
2742,2742,2742,2742,2742,2742,04/15/2023,22:51:02,18.3399609375,986.753740110304,48.56573834519404,1022
2743,2743,2743,2743,2743,2743,04/15/2023,22:51:32,18.353828125,986.7633430933324,48.542690511558256,1022
2744,2744,2744,2744,2744,2744,04/15/2023,22:52:02,18.35265625,986.7481094986445,48.54872339610965,1022
2745,2745,2745,2745,2745,2745,04/15/2023,22:52:32,18.3696484375,986.749573857556,48.5383884876207,1023
2746,2746,2746,2746,2746,2746,04/15/2023,22:53:02,18.374140625,986.7636416753847,48.50806571366927,1022
2747,2747,2747,2747,2747,2747,04/15/2023,22:53:32,18.3583203125,986.7973586143452,48.51853783321066,1021
2748,2748,2748,2748,2748,2748,04/15/2023,22:54:03,18.3425,986.804476626041,48.55369487304417,1021
2749,2749,2749,2749,2749,2749,04/15/2023,22:54:33,18.341328125,986.8091902629418,48.535042795394155,1022
2750,2750,2750,2750,2750,2750,04/15/2023,22:55:02,18.34953125,986.8227382101036,48.54218286182474,1023
2751,2751,2751,2751,2751,2751,04/15/2023,22:55:32,18.3266796875,986.8049443143254,48.54565454920867,1024
2752,2752,2752,2752,2752,2752,04/15/2023,22:56:02,18.3501171875,986.843653341598,48.480551006008675,1025
2753,2753,2753,2753,2753,2753,04/15/2023,22:56:32,18.374140625,986.7902391698092,48.42170472175662,1024
2754,2754,2754,2754,2754,2754,04/15/2023,22:57:02,18.3583203125,986.8040078303492,48.45684452491854,1026
2755,2755,2755,2755,2755,2755,04/15/2023,22:57:32,18.3520703125,986.7803875699434,48.50545943265353,1026
2756,2756,2756,2756,2756,2756,04/15/2023,22:58:02,18.3266796875,986.778348768622,48.48395401135683,1028
2757,2757,2757,2757,2757,2757,04/15/2023,22:58:32,18.3102734375,986.7446047478702,48.525204927420006,1029
2758,2758,2758,2758,2758,2758,04/15/2023,22:59:02,18.2825390625,986.7120984346574,48.639199969683965,1026
2759,2759,2759,2759,2759,2759,04/15/2023,22:59:32,18.2508984375,986.7130289421508,48.6107659973265,1030
2760,2760,2760,2760,2760,2760,04/15/2023,23:00:02,18.2294140625,986.78391227223,48.68849045843,1031
2761,2761,2761,2761,2761,2761,04/15/2023,23:00:32,18.2325390625,986.755834337214,48.71974033322461,1033
2762,2762,2762,2762,2762,2762,04/15/2023,23:01:02,18.2337109375,986.7644177950252,48.71987901369593,1034
2763,2763,2763,2763,2763,2763,04/15/2023,23:01:32,18.24953125,986.8038440678862,48.659994366732064,1034
2764,2764,2764,2764,2764,2764,04/15/2023,23:02:02,18.287421875,986.7932956064398,48.63977736069855,1034
2765,2765,2765,2765,2765,2765,04/15/2023,23:02:32,18.283125,986.806144100562,48.60222840996412,1033
2766,2766,2766,2766,2766,2766,04/15/2023,23:03:03,18.30578125,986.803672532296,48.54318629962893,1033
2767,2767,2767,2767,2767,2767,04/15/2023,23:03:33,18.2887890625,986.808850682514,48.52883887455323,1035
2768,2768,2768,2768,2768,2768,04/15/2023,23:04:02,18.26671875,986.8322329458716,48.569429324731146,1036
2769,2769,2769,2769,2769,2769,04/15/2023,23:04:32,18.233125,986.8099854407276,48.70128084809461,1037
2770,2770,2770,2770,2770,2770,04/15/2023,23:05:02,18.281171875,986.8029182171068,48.54028053157974,1036
2771,2771,2771,2771,2771,2771,04/15/2023,23:05:32,18.281171875,986.8162150576592,48.52793973585803,1037
2772,2772,2772,2772,2772,2772,04/15/2023,23:06:02,18.27609375,986.7612891378928,48.55819368480413,1038
2773,2773,2773,2773,2773,2773,04/15/2023,23:06:32,18.284296875,986.768188949416,48.54064947190079,1038
2774,2774,2774,2774,2774,2774,04/15/2023,23:07:02,18.2641796875,986.7349637940284,48.56912947368059,1037
2775,2775,2775,2775,2775,2775,04/15/2023,23:07:32,18.3399609375,986.7138460557832,48.49786005877198,1034
2776,2776,2776,2776,2776,2776,04/15/2023,23:08:02,18.341328125,986.7426999234448,48.45483980806615,1034
2777,2777,2777,2777,2777,2777,04/15/2023,23:08:32,18.4032421875,986.738554661673,48.31415876749391,1032
2778,2778,2778,2778,2778,2778,04/15/2023,23:09:02,18.39875,986.7045381253588,48.23352296458255,1030
2779,2779,2779,2779,2779,2779,04/15/2023,23:09:32,18.4481640625,986.7595353752778,48.19005374002212,1027
2780,2780,2780,2780,2780,2780,04/15/2023,23:10:02,18.5024609375,986.782689312845,48.030197197889706,1025
2781,2781,2781,2781,2781,2781,04/15/2023,23:10:33,18.519453125,986.7641912697062,47.939899741820035,1025
2782,2782,2782,2782,2782,2782,04/15/2023,23:11:02,18.506171875,986.8154199073743,47.9444944315722,1022
2783,2783,2783,2783,2783,2783,04/15/2023,23:11:32,18.546015625,986.7614926761848,47.85076602193772,1019
2784,2784,2784,2784,2784,2784,04/15/2023,23:12:03,18.5903515625,986.7947876751562,47.73917132721342,1019
2785,2785,2785,2785,2785,2785,04/15/2023,23:12:33,18.6180859375,986.80066859951,47.65640695410137,1018
2786,2786,2786,2786,2786,2786,04/15/2023,23:13:02,18.6675,986.7625113964708,47.545512374473454,1013
2787,2787,2787,2787,2787,2787,04/15/2023,23:13:32,18.7180859375,986.6863547969012,47.4225453242239,1012
2788,2788,2788,2788,2788,2788,04/15/2023,23:14:02,18.8133984375,986.7505355170116,47.24355696120076,1008
2789,2789,2789,2789,2789,2789,04/15/2023,23:14:32,18.8735546875,986.750014480852,47.05452242591714,1005
2790,2790,2790,2790,2790,2790,04/15/2023,23:15:02,18.9891796875,986.7145663454102,46.83538898550796,1004
2791,2791,2791,2791,2791,2791,04/15/2023,23:15:32,19.0753125,986.6969519357356,46.57643914228363,1001
2792,2792,2792,2792,2792,2792,04/15/2023,23:16:02,19.105,986.7126543616824,46.421146197674155,1000
2793,2793,2793,2793,2793,2793,04/15/2023,23:16:32,19.086640625,986.7089875370456,46.40683395458219,1000
2794,2794,2794,2794,2794,2794,04/15/2023,23:17:02,19.17765625,986.7127047754268,46.2648154978291,998
2795,2795,2795,2795,2795,2795,04/15/2023,23:17:32,19.2591015625,986.7605250608171,46.07306495826735,997
2796,2796,2796,2796,2796,2796,04/15/2023,23:18:02,19.29640625,986.7554837609384,45.93730570837748,993
2797,2797,2797,2797,2797,2797,04/15/2023,23:18:32,19.2675,986.7610640545262,45.860996075687346,995
2798,2798,2798,2798,2798,2798,04/15/2023,23:19:03,19.20109375,986.7713488085786,45.96293737571172,997
2799,2799,2799,2799,2799,2799,04/15/2023,23:19:33,19.114375,986.7880368561392,46.111322966791214,1000
2800,2800,2800,2800,2800,2800,04/15/2023,23:20:02,19.0442578125,986.7455540445644,46.237334524208386,1004
2801,2801,2801,2801,2801,2801,04/15/2023,23:20:32,18.990546875,986.756756999842,46.3287153160702,1007
2802,2802,2802,2802,2802,2802,04/15/2023,23:21:02,18.884296875,986.7344715002816,46.54835201090109,1010
2803,2803,2803,2803,2803,2803,04/15/2023,23:21:32,18.764765625,986.7101823120944,46.79113972536642,1017
2804,2804,2804,2804,2804,2804,04/15/2023,23:22:02,18.659296875,986.6957503771418,47.011360607203656,1023
2805,2805,2805,2805,2805,2805,04/15/2023,23:22:32,18.5587109375,986.656080102056,47.28140060693237,1027
2806,2806,2806,2806,2806,2806,04/15/2023,23:23:02,18.49484375,986.6504007294096,47.48858460688568,1030
2807,2807,2807,2807,2807,2807,04/15/2023,23:23:32,18.45890625,986.6110181250648,47.625557063531325,1031
2808,2808,2808,2808,2808,2808,04/15/2023,23:24:02,18.395625,986.6195830730768,47.74714823643386,1034
2809,2809,2809,2809,2809,2809,04/15/2023,23:24:32,18.363984375,986.5939368944398,47.82948018340876,1037
2810,2810,2810,2810,2810,2810,04/15/2023,23:25:02,18.3255078125,986.5503527635972,47.94179267014139,1038
2811,2811,2811,2811,2811,2811,04/15/2023,23:25:32,18.297578125,986.5574247652588,47.99387968315276,1041
2812,2812,2812,2812,2812,2812,04/15/2023,23:26:03,18.271015625,986.5800469042078,48.070753637291006,1043
2813,2813,2813,2813,2813,2813,04/15/2023,23:26:33,18.244453125,986.5561282635922,48.12303334238656,1045
2814,2814,2814,2814,2814,2814,04/15/2023,23:27:02,18.2368359375,986.5834372966364,48.14676410826121,1047
2815,2815,2815,2815,2815,2815,04/15/2023,23:27:32,18.233125,986.5906048882435,48.17095595977458,1048
2816,2816,2816,2816,2816,2816,04/15/2023,23:28:02,18.2325390625,986.5829894151938,48.21399284486005,1050
2817,2817,2817,2817,2817,2817,04/15/2023,23:28:32,18.2212109375,986.5908733868412,48.24961853309107,1050
2818,2818,2818,2818,2818,2818,04/15/2023,23:29:02,18.2071484375,986.5875932575138,48.26644728200646,1051
2819,2819,2819,2819,2819,2819,04/15/2023,23:29:32,18.239375,986.6275178615448,48.22711335056225,1050
2820,2820,2820,2820,2820,2820,04/15/2023,23:30:02,18.2774609375,986.630580110421,48.1330596790504,1051
2821,2821,2821,2821,2821,2821,04/15/2023,23:30:32,18.29328125,986.6567055558864,48.06720859506489,1051
2822,2822,2822,2822,2822,2822,04/15/2023,23:31:02,18.2925,986.6421184119744,48.04250298199115,1052
2823,2823,2823,2823,2823,2823,04/15/2023,23:31:32,18.3032421875,986.6399119792223,47.99454266833688,1053
2824,2824,2824,2824,2824,2824,04/15/2023,23:32:02,18.2565625,986.622661528417,48.093677176668635,1054
2825,2825,2825,2825,2825,2825,04/15/2023,23:32:32,18.239375,986.5942781743352,48.14706186001732,1056
2826,2826,2826,2826,2826,2826,04/15/2023,23:33:02,18.264765625,986.5896708201144,48.11310368329406,1056
2827,2827,2827,2827,2827,2827,04/15/2023,23:33:32,18.24640625,986.5792974918568,48.14788644926448,1055
2828,2828,2828,2828,2828,2828,04/15/2023,23:34:02,18.2028515625,986.5605546154106,48.18587676272908,1055
2829,2829,2829,2829,2829,2829,04/15/2023,23:34:32,18.244453125,986.5295363729548,48.18460000493191,1056
2830,2830,2830,2830,2830,2830,04/15/2023,23:35:03,18.2641796875,986.5421659640238,48.11919046870321,1056
2831,2831,2831,2831,2831,2831,04/15/2023,23:35:33,18.2591015625,986.5204844345816,48.09397473133366,1055
2832,2832,2832,2832,2832,2832,04/15/2023,23:36:02,18.21984375,986.5154906702276,48.12630418285462,1057
2833,2833,2833,2833,2833,2833,04/15/2023,23:36:32,18.1989453125,986.5341613457364,48.19157611991217,1057
2834,2834,2834,2834,2834,2834,04/15/2023,23:37:02,18.2571484375,986.557147986916,48.13683361376141,1058
2835,2835,2835,2835,2835,2835,04/15/2023,23:37:32,18.261640625,986.5512696183144,47.989674173533174,1058
2836,2836,2836,2836,2836,2836,04/15/2023,23:38:02,18.2571484375,986.5504998801536,47.9952996419029,1062
2837,2837,2837,2837,2837,2837,04/15/2023,23:38:32,18.2274609375,986.5413645036112,48.059498658385024,1063
2838,2838,2838,2838,2838,2838,04/15/2023,23:39:02,18.21359375,986.5450559934104,48.100951658925574,1065
2839,2839,2839,2839,2839,2839,04/15/2023,23:39:32,18.2079296875,986.5556454281124,48.1125975457483,1066
2840,2840,2840,2840,2840,2840,04/15/2023,23:40:02,18.19953125,986.5284814351104,48.09930432054925,1068
2841,2841,2841,2841,2841,2841,04/15/2023,23:40:32,18.183125,986.5213310721688,48.18356307312903,1067
2842,2842,2842,2842,2842,2842,04/15/2023,23:41:02,18.1579296875,986.506312882408,48.16213880725961,1068
2843,2843,2843,2843,2843,2843,04/15/2023,23:41:32,18.161640625,986.525735307791,48.23646577745514,1069
2844,2844,2844,2844,2844,2844,04/15/2023,23:42:03,18.158515625,986.5338688055788,48.19914934808098,1070
2845,2845,2845,2845,2845,2845,04/15/2023,23:42:33,18.2235546875,986.5149707756592,48.05904128096939,1070
2846,2846,2846,2846,2846,2846,04/15/2023,23:43:02,18.198359375,986.5132512786512,48.02533012741773,1070
2847,2847,2847,2847,2847,2847,04/15/2023,23:43:32,18.2243359375,986.522908602413,48.0468268695375,1072
2848,2848,2848,2848,2848,2848,04/15/2023,23:44:02,18.19640625,986.5166734978834,48.04971035519934,1073
2849,2849,2849,2849,2849,2849,04/15/2023,23:44:32,18.131953125,986.5099433622122,48.14062761363613,1077
2850,2850,2850,2850,2850,2850,04/15/2023,23:45:02,18.128828125,986.5247229258003,48.20798333978175,1074
2851,2851,2851,2851,2851,2851,04/15/2023,23:45:32,18.145234375,986.5385235739752,48.160650959337424,1077
2852,2852,2852,2852,2852,2852,04/15/2023,23:46:02,18.1774609375,986.5252721808794,48.12749290267704,1077
2853,2853,2853,2853,2853,2853,04/15/2023,23:46:32,18.198359375,986.5331937514426,48.03148200495183,1078
2854,2854,2854,2854,2854,2854,04/15/2023,23:47:02,18.19640625,986.5100260296634,48.06816919175618,1078
2855,2855,2855,2855,2855,2855,04/15/2023,23:47:32,18.168671875,986.4575807017208,48.114153379880065,1078
2856,2856,2856,2856,2856,2856,04/15/2023,23:48:02,18.1825390625,986.467184915169,48.08500617810227,1077
2857,2857,2857,2857,2857,2857,04/15/2023,23:48:32,18.171796875,986.4162106246335,48.034526323337154,1080
2858,2858,2858,2858,2858,2858,04/15/2023,23:49:02,18.21046875,986.4401814035344,48.01444356429776,1079
2859,2859,2859,2859,2859,2859,04/15/2023,23:49:33,18.23625,986.4295684902248,47.94365452176235,1080
2860,2860,2860,2860,2860,2860,04/15/2023,23:50:02,18.261640625,986.4316031457554,47.87899192936777,1079
2861,2861,2861,2861,2861,2861,04/15/2023,23:50:32,18.22609375,986.4260947900408,47.83182017841381,1081
2862,2862,2862,2862,2862,2862,04/15/2023,23:51:02,18.248359375,986.3897308271409,47.88358794753646,1080
2863,2863,2863,2863,2863,2863,04/15/2023,23:51:32,18.22609375,986.3995037911902,47.844110835632065,1082
2864,2864,2864,2864,2864,2864,04/15/2023,23:52:02,18.241328125,986.4379531269864,47.83359757185711,1082
2865,2865,2865,2865,2865,2865,04/15/2023,23:52:32,18.27921875,986.4539779496542,47.74585825237944,1081
2866,2866,2866,2866,2866,2866,04/15/2023,23:53:02,18.2692578125,986.4242351892934,47.726271260281734,1083
2867,2867,2867,2867,2867,2867,04/15/2023,23:53:32,18.2907421875,986.4065199899684,47.72877469318305,1083
2868,2868,2868,2868,2868,2868,04/15/2023,23:54:02,18.2755078125,986.4013130176348,47.7454257250092,1084
2869,2869,2869,2869,2869,2869,04/15/2023,23:54:32,18.32296875,986.4464287628948,47.787820646568754,1080
2870,2870,2870,2870,2870,2870,04/15/2023,23:55:02,18.2989453125,986.4533058677328,47.82803113525595,1079
2871,2871,2871,2871,2871,2871,04/15/2023,23:55:32,18.287421875,986.4475768915252,47.86970908858745,1077
2872,2872,2872,2872,2872,2872,04/15/2023,23:56:02,18.267890625,986.4618670189332,47.94120402585517,1073
2873,2873,2873,2873,2873,2873,04/15/2023,23:56:32,18.2969921875,986.4367841727624,47.88926902998873,1070
2874,2874,2874,2874,2874,2874,04/15/2023,23:57:02,18.295625,986.4411753801588,47.901405040637606,1068
2875,2875,2875,2875,2875,2875,04/15/2023,23:57:32,18.3040234375,986.4284473189596,47.89009065709988,1066
2876,2876,2876,2876,2876,2876,04/15/2023,23:58:03,18.331171875,986.4267279366744,47.83793981927288,1065
2877,2877,2877,2877,2877,2877,04/15/2023,23:58:33,18.34953125,986.403846331728,47.754057033246454,1063
2878,2878,2878,2878,2878,2878,04/15/2023,23:59:02,18.347578125,986.3939729465756,47.692407587112974,1062
2879,2879,2879,2879,2879,2879,04/15/2023,23:59:32,18.363984375,986.3412676788424,47.694319645844814,1058
